## B站《大道朝天》动漫总数据统计(更新时间：2025-11-28 00:29:41)

### 表格数据

|类型|集数|名称|播放量|点赞数|投币数|收藏数|弹幕数|分享数|评论数|
| :--: | :--: | :-------------: | --------: | :----: | -----: | -----: | -----: | -----: | -----: |
|正片|1|如果人生能重来|1791,0620|8,5960|3,5900|5,5236|4,1913|7096|4432|
|正片|2|偏向故山行|486,3248|2,8694|1,6379|4836|2,1134|762|880|
|正片|3|公子只是怕麻烦|400,5869|2,2852|1,3706|3718|7341|446|800|
|正片|4|剑归青山|443,9741|2,3134|1,4378|3838|7476|465|875|
|正片|5|隔着漫天血花相对|395,6619|2,0505|1,4445|3464|7735|507|1102|
|正片|6|人是我杀的|369,3001|2,3372|1,6075|3705|5930|372|766|
|正片|7|少年你意欲何为|353,9916|2,2285|1,5966|3218|7646|389|933|
|正片|8|我也是这么想的|335,5053|1,8945|1,2824|2719|6000|334|1011|
|正片|9|原来你一直在这里|344,7436|1,9831|1,4057|2838|6246|402|1310|
|正片|10|阴三是一个好名字|474,2226|2,4799|1,4595|4452|6456|647|1504|
|正片|11|养不熟的刘阿大|398,9937|1,9963|1,3124|3006|8741|370|901|
|正片|12|千百年来皆如此|339,3453|1,8846|1,2307|2846|4483|320|850|
|正片|13|你们想死吗？|334,3455|1,7898|1,1445|2704|3892|263|666|
|正片|14|两个大魔头|320,9644|1,7592|1,1941|2448|4393|241|843|
|正片|15|我能想到最简单的事|320,8033|1,8465|1,2533|2977|4633|238|753|
|正片|16|大道朝天，各走一边|428,6406|3,9546|3,6122|7383|1,0726|931|3478|
|预告|发布会PV|满级大佬重生回到新手村|72,0780|2584|875|376|39|102|153|
|预告|火锅公路修仙动画|猫腻脑洞最大小说改编-《大道朝天》|316,3445|7682|3368|1520|1142|216|678|
|预告|终极PV|今日12:00开播|52,3409|1798|692|439|15|133|112|
|预告|ED《江畔夜游》正式发布！||22,3204|1007|220|150|16|55|70|
|预告|OP《大道朝天》正式发布！||27,0161|1675|296|329|91|92|184|
|预告|大道朝天角色PV——井九||18,4874|1096|160|205|63|125|138|
|预告|大道朝天角色PV——阴三||13,7646|766|76|73|24|23|83|
|预告|大道朝天角色PV——赵腊月||13,6189|828|121|75|26|28|137|
|预告|大道朝天角色PV——白鬼||12,4362|908|98|77|44|44|97|
|预告|大道朝天角色PV——柳十岁||12,4634|891|110|80|24|33|110|
|预告|大道朝天定档10月10日！||25,8823|2316|329|494|103|293|544|
|预告|PV2|大道朝天，各走一边。|28,9878|2532|345|623|190|309|503|
|预告|概念PV|踏上重回巅峰之路|27,4342|2489|268|323|79|205|441|
|预告|第1集预告||29,5031|743|80|48|12|17|36|
|预告|第2集预告||32,0789|767|221|142|10|15|17|
|预告|第3集预告||29,3691|777|160|113|2|17|13|
|预告|第4集预告||64,9022|2523|1176|372|28|52|239|
|预告|第5集预告||107,5243|3158|1412|553|29|77|198|
|预告|第6集预告||102,2222|3818|2146|725|35|81|287|
|预告|第7集预告||86,8237|2874|1234|339|38|37|200|
|预告|第8集预告||98,7232|3422|1707|526|85|46|339|
|预告|第9集预告||98,8426|3909|1804|612|43|62|321|
|预告|第10集预告||98,3579|4211|2187|591|65|48|361|
|预告|第11集预告||76,7694|3030|1304|374|29|27|197|
|预告|第12集预告||80,6412|2729|1028|243|35|39|120|
|预告|第13集预告||70,7311|2733|1169|319|33|28|126|
|预告|第14集预告||74,9393|3049|1181|309|32|44|123|
|预告|第15集预告||71,3505|2854|1065|307|40|31|162|
|预告|第16集预告||65,0996|3323|1439|310|39|23|176|
|特别花絮|鲛人起舞，来看！||3,7114|355|45|83|2|5|14|
|特别花絮|大道朝天，各走一边，|你走你的，别来烦我|1,7337|198|29|27|0|7|6|
|特别花絮|你已有取死之道！||7,9040|1514|70|102|5|13|54|
|特别花絮|你的伪装，毫无用处||9,3445|123|50|34|0|4|6|
|特别花絮|路见不平，只需一剑||12,9474|168|62|31|4|8|10|
|特别花絮|你们想死吗？||11,2850|145|61|24|4|2|4|
|特别花絮|井九训猫反被挠||19,4717|157|59|26|3|7|10|
|特别花絮|吃火锅=修仙？||16,7392|167|69|32|8|30|9|
|特别花絮|井九"携"腊月成功登顶神末峰||21,6915|332|126|82|1|12|19|
|特别花絮|井九开导腊月，神末传承再现||10,3563|190|56|24|1|7|2|
|特别花絮|我要为神末峰再续传承||19,7779|220|88|49|0|7|19|
|特别花絮|腊月前方开路，井九后头乘凉||10,4012|114|42|27|1|4|5|
|特别花絮|井九出手，技惊四座||29,0758|609|161|142|18|17|26|
|特别花絮|用最平淡的语气说最装的话||23,3255|789|105|95|13|18|45|
|特别花絮|寻仇？最开始有过几次|后来就没人敢了|10,4023|88|30|23|4|3|4|
|特别花絮|元骑鲸出手，压迫感拉满||17,7483|378|63|42|3|13|17|
|特别花絮|这一天，他与她隔着漫天血花相对||16,7945|394|67|45|3|9|21|
|特别花絮|我想说的是，你就不该离我这么近！||12,9316|159|49|31|2|5|18|
|特别花絮|你的剑不错，我取了||13,9705|165|57|47|11|7|12|
|特别花絮|我两忘峰弟子，不可以是一个仆人||11,8983|104|43|31|7|6|10|
|特别花絮|你们打你们的，我飞升我的||10,6060|98|44|28|2|7|7|
|特别花絮|这样大气的仙师请给我来十位！||11,2123|104|45|28|1|3|1|
|特别花絮|天生道种居然与人为仆！||8,8667|52|26|12|0|1|1|
|特别花絮|这一天，他感受到了来自学神的碾压||14,4750|155|56|27|1|2|9|
|特别花絮|此去经年自然忘却，不忘反不美||10,1623|84|35|17|0|4|1|
|特别花絮|PV|如果人生可以重来，我大概还是这样！|14,6332|222|57|61|3|30|77|
|汇总|||播放量|点赞数|投币数|收藏数|弹幕数|分享数|评论数|
|汇总| | |9720,9848|50,0263|29,3663|12,1205|15,7253|1,6316|1,6316|


## 播放量TOP10

### 表格数据

|类型|集数|名称|播放量|点赞数|投币数|收藏数|弹幕数|分享数|评论数|
| :--: | :--: | :-------------: | --------: | :----: | -----: | -----: | -----: | -----: | -----: |
|正片|1|如果人生能重来|1791,0620|8,5960|3,5900|5,5236|4,1913|7096|4432|
|正片|2|偏向故山行|486,3248|2,8694|1,6379|4836|2,1134|762|880|
|正片|10|阴三是一个好名字|474,2226|2,4799|1,4595|4452|6456|647|1504|
|正片|4|剑归青山|443,9741|2,3134|1,4378|3838|7476|465|875|
|正片|16|大道朝天，各走一边|428,6406|3,9546|3,6122|7383|1,0726|931|3478|
|正片|3|公子只是怕麻烦|400,5869|2,2852|1,3706|3718|7341|446|800|
|正片|11|养不熟的刘阿大|398,9937|1,9963|1,3124|3006|8741|370|901|
|正片|5|隔着漫天血花相对|395,6619|2,0505|1,4445|3464|7735|507|1102|
|正片|6|人是我杀的|369,3001|2,3372|1,6075|3705|5930|372|766|
|正片|7|少年你意欲何为|353,9916|2,2285|1,5966|3218|7646|389|933|

### 数据可视化

![播放量TOP10](./images/播放量TOP10.png)

## 点赞数TOP10

### 表格数据

|类型|集数|名称|播放量|点赞数|投币数|收藏数|弹幕数|分享数|评论数|
| :--: | :--: | :-------------: | --------: | :----: | -----: | -----: | -----: | -----: | -----: |
|正片|1|如果人生能重来|1791,0620|8,5960|3,5900|5,5236|4,1913|7096|4432|
|正片|16|大道朝天，各走一边|428,6406|3,9546|3,6122|7383|1,0726|931|3478|
|正片|2|偏向故山行|486,3248|2,8694|1,6379|4836|2,1134|762|880|
|正片|10|阴三是一个好名字|474,2226|2,4799|1,4595|4452|6456|647|1504|
|正片|6|人是我杀的|369,3001|2,3372|1,6075|3705|5930|372|766|
|正片|4|剑归青山|443,9741|2,3134|1,4378|3838|7476|465|875|
|正片|3|公子只是怕麻烦|400,5869|2,2852|1,3706|3718|7341|446|800|
|正片|7|少年你意欲何为|353,9916|2,2285|1,5966|3218|7646|389|933|
|正片|5|隔着漫天血花相对|395,6619|2,0505|1,4445|3464|7735|507|1102|
|正片|11|养不熟的刘阿大|398,9937|1,9963|1,3124|3006|8741|370|901|

### 数据可视化

![点赞数TOP10](./images/点赞数TOP10.png)

## 投币数TOP10

### 表格数据

|类型|集数|名称|播放量|点赞数|投币数|收藏数|弹幕数|分享数|评论数|
| :--: | :--: | :-------------: | --------: | :----: | -----: | -----: | -----: | -----: | -----: |
|正片|16|大道朝天，各走一边|428,6406|3,9546|3,6122|7383|1,0726|931|3478|
|正片|1|如果人生能重来|1791,0620|8,5960|3,5900|5,5236|4,1913|7096|4432|
|正片|2|偏向故山行|486,3248|2,8694|1,6379|4836|2,1134|762|880|
|正片|6|人是我杀的|369,3001|2,3372|1,6075|3705|5930|372|766|
|正片|7|少年你意欲何为|353,9916|2,2285|1,5966|3218|7646|389|933|
|正片|10|阴三是一个好名字|474,2226|2,4799|1,4595|4452|6456|647|1504|
|正片|5|隔着漫天血花相对|395,6619|2,0505|1,4445|3464|7735|507|1102|
|正片|4|剑归青山|443,9741|2,3134|1,4378|3838|7476|465|875|
|正片|9|原来你一直在这里|344,7436|1,9831|1,4057|2838|6246|402|1310|
|正片|3|公子只是怕麻烦|400,5869|2,2852|1,3706|3718|7341|446|800|

### 数据可视化

![投币数TOP10](./images/投币数TOP10.png)

## 收藏数TOP10

### 表格数据

|类型|集数|名称|播放量|点赞数|投币数|收藏数|弹幕数|分享数|评论数|
| :--: | :--: | :-------------: | --------: | :----: | -----: | -----: | -----: | -----: | -----: |
|正片|1|如果人生能重来|1791,0620|8,5960|3,5900|5,5236|4,1913|7096|4432|
|正片|16|大道朝天，各走一边|428,6406|3,9546|3,6122|7383|1,0726|931|3478|
|正片|2|偏向故山行|486,3248|2,8694|1,6379|4836|2,1134|762|880|
|正片|10|阴三是一个好名字|474,2226|2,4799|1,4595|4452|6456|647|1504|
|正片|4|剑归青山|443,9741|2,3134|1,4378|3838|7476|465|875|
|正片|3|公子只是怕麻烦|400,5869|2,2852|1,3706|3718|7341|446|800|
|正片|6|人是我杀的|369,3001|2,3372|1,6075|3705|5930|372|766|
|正片|5|隔着漫天血花相对|395,6619|2,0505|1,4445|3464|7735|507|1102|
|正片|7|少年你意欲何为|353,9916|2,2285|1,5966|3218|7646|389|933|
|正片|11|养不熟的刘阿大|398,9937|1,9963|1,3124|3006|8741|370|901|

### 数据可视化

![收藏数TOP10](./images/收藏数TOP10.png)

## 弹幕数TOP10

### 表格数据

|类型|集数|名称|播放量|点赞数|投币数|收藏数|弹幕数|分享数|评论数|
| :--: | :--: | :-------------: | --------: | :----: | -----: | -----: | -----: | -----: | -----: |
|正片|1|如果人生能重来|1791,0620|8,5960|3,5900|5,5236|4,1913|7096|4432|
|正片|2|偏向故山行|486,3248|2,8694|1,6379|4836|2,1134|762|880|
|正片|16|大道朝天，各走一边|428,6406|3,9546|3,6122|7383|1,0726|931|3478|
|正片|11|养不熟的刘阿大|398,9937|1,9963|1,3124|3006|8741|370|901|
|正片|5|隔着漫天血花相对|395,6619|2,0505|1,4445|3464|7735|507|1102|
|正片|7|少年你意欲何为|353,9916|2,2285|1,5966|3218|7646|389|933|
|正片|4|剑归青山|443,9741|2,3134|1,4378|3838|7476|465|875|
|正片|3|公子只是怕麻烦|400,5869|2,2852|1,3706|3718|7341|446|800|
|正片|10|阴三是一个好名字|474,2226|2,4799|1,4595|4452|6456|647|1504|
|正片|9|原来你一直在这里|344,7436|1,9831|1,4057|2838|6246|402|1310|

### 数据可视化

![弹幕数TOP10](./images/弹幕数TOP10.png)

## 分享数TOP10

### 表格数据

|类型|集数|名称|播放量|点赞数|投币数|收藏数|弹幕数|分享数|评论数|
| :--: | :--: | :-------------: | --------: | :----: | -----: | -----: | -----: | -----: | -----: |
|正片|1|如果人生能重来|1791,0620|8,5960|3,5900|5,5236|4,1913|7096|4432|
|正片|16|大道朝天，各走一边|428,6406|3,9546|3,6122|7383|1,0726|931|3478|
|正片|2|偏向故山行|486,3248|2,8694|1,6379|4836|2,1134|762|880|
|正片|10|阴三是一个好名字|474,2226|2,4799|1,4595|4452|6456|647|1504|
|正片|5|隔着漫天血花相对|395,6619|2,0505|1,4445|3464|7735|507|1102|
|正片|4|剑归青山|443,9741|2,3134|1,4378|3838|7476|465|875|
|正片|3|公子只是怕麻烦|400,5869|2,2852|1,3706|3718|7341|446|800|
|正片|9|原来你一直在这里|344,7436|1,9831|1,4057|2838|6246|402|1310|
|正片|7|少年你意欲何为|353,9916|2,2285|1,5966|3218|7646|389|933|
|正片|6|人是我杀的|369,3001|2,3372|1,6075|3705|5930|372|766|

### 数据可视化

![分享数TOP10](./images/分享数TOP10.png)

## 评论数TOP10

### 表格数据

|类型|集数|名称|播放量|点赞数|投币数|收藏数|弹幕数|分享数|评论数|
| :--: | :--: | :-------------: | --------: | :----: | -----: | -----: | -----: | -----: | -----: |
|正片|1|如果人生能重来|1791,0620|8,5960|3,5900|5,5236|4,1913|7096|4432|
|正片|16|大道朝天，各走一边|428,6406|3,9546|3,6122|7383|1,0726|931|3478|
|正片|10|阴三是一个好名字|474,2226|2,4799|1,4595|4452|6456|647|1504|
|正片|9|原来你一直在这里|344,7436|1,9831|1,4057|2838|6246|402|1310|
|正片|5|隔着漫天血花相对|395,6619|2,0505|1,4445|3464|7735|507|1102|
|正片|8|我也是这么想的|335,5053|1,8945|1,2824|2719|6000|334|1011|
|正片|7|少年你意欲何为|353,9916|2,2285|1,5966|3218|7646|389|933|
|正片|11|养不熟的刘阿大|398,9937|1,9963|1,3124|3006|8741|370|901|
|正片|2|偏向故山行|486,3248|2,8694|1,6379|4836|2,1134|762|880|
|正片|4|剑归青山|443,9741|2,3134|1,4378|3838|7476|465|875|

### 数据可视化

![评论数TOP10](./images/评论数TOP10.png)

