## B站《大道朝天》动漫总数据统计(更新时间：2025-11-15 00:29:59)

### 表格数据

|类型|集数|名称|播放量|点赞数|投币数|收藏数|弹幕数|分享数|评论数|
| :--: | :--: | :-------------: | --------: | :----: | -----: | -----: | -----: | -----: | -----: |
|正片|1|如果人生能重来|1763,1365|8,4792|3,5523|5,4364|4,1683|7039|4397|
|正片|2|偏向故山行|477,7443|2,8437|1,6220|4781|2,0913|756|874|
|正片|3|公子只是怕麻烦|395,6032|2,2662|1,3576|3683|7286|443|795|
|正片|4|剑归青山|439,0085|2,2962|1,4250|3809|7413|461|875|
|正片|5|隔着漫天血花相对|390,7065|2,0341|1,4343|3442|7675|502|1102|
|正片|6|人是我杀的|364,5455|2,3221|1,5944|3680|5870|371|765|
|正片|7|少年你意欲何为|349,3638|2,2115|1,5821|3199|7586|387|930|
|正片|8|我也是这么想的|330,8106|1,8814|1,2726|2698|5940|333|1010|
|正片|9|原来你一直在这里|340,0104|1,9686|1,3960|2819|6195|401|1308|
|正片|10|阴三是一个好名字|468,9503|2,4573|1,4458|4429|6410|643|1501|
|正片|11|养不熟的刘阿大|393,8451|1,9754|1,2992|2988|8627|367|898|
|正片|12|千百年来皆如此|334,0080|1,8623|1,2164|2818|4455|320|848|
|正片|13|你们想死吗？|329,0893|1,7689|1,1292|2665|3844|262|665|
|正片|14|两个大魔头|315,9012|1,7400|1,1798|2418|4348|240|838|
|正片|15|我能想到最简单的事|314,7230|1,8210|1,2354|2895|4575|235|744|
|正片|16|大道朝天，各走一边|419,5624|3,8792|3,5433|7187|1,0496|905|3403|
|预告|发布会PV|满级大佬重生回到新手村|71,9053|2571|867|375|39|100|153|
|预告|火锅公路修仙动画|猫腻脑洞最大小说改编-《大道朝天》|316,0963|7677|3364|1524|1141|216|677|
|预告|终极PV|今日12:00开播|52,2437|1794|690|440|15|133|111|
|预告|ED《江畔夜游》正式发布！||22,1813|996|217|147|16|55|69|
|预告|OP《大道朝天》正式发布！||26,6317|1647|284|318|91|91|179|
|预告|大道朝天角色PV——井九||18,4451|1094|160|205|63|125|138|
|预告|大道朝天角色PV——阴三||13,7346|765|74|72|24|23|83|
|预告|大道朝天角色PV——赵腊月||13,5917|827|120|75|26|28|136|
|预告|大道朝天角色PV——白鬼||12,4155|908|98|77|43|44|102|
|预告|大道朝天角色PV——柳十岁||12,4441|891|110|80|24|33|110|
|预告|大道朝天定档10月10日！||25,8565|2315|329|495|103|293|544|
|预告|PV2|大道朝天，各走一边。|28,9595|2532|345|630|190|309|503|
|预告|概念PV|踏上重回巅峰之路|27,3974|2488|268|322|79|205|441|
|预告|第1集预告||29,4050|742|80|48|12|17|36|
|预告|第2集预告||31,1485|760|215|138|10|14|17|
|预告|第3集预告||28,8093|771|154|113|2|16|13|
|预告|第4集预告||64,4651|2521|1172|371|28|52|239|
|预告|第5集预告||107,1177|3156|1412|552|29|77|198|
|预告|第6集预告||101,8405|3814|2146|725|35|81|287|
|预告|第7集预告||86,4638|2872|1234|340|38|37|199|
|预告|第8集预告||98,3662|3420|1707|528|85|46|339|
|预告|第9集预告||98,4924|3906|1804|612|43|62|321|
|预告|第10集预告||98,0059|4207|2187|591|65|48|361|
|预告|第11集预告||76,4157|3025|1302|374|29|27|197|
|预告|第12集预告||80,2848|2726|1028|243|35|39|120|
|预告|第13集预告||70,3673|2729|1169|319|33|28|126|
|预告|第14集预告||74,6017|3046|1181|309|32|44|123|
|预告|第15集预告||71,0147|2850|1065|308|40|31|162|
|预告|第16集预告||64,6583|3319|1438|310|38|23|174|
|特别花絮|鲛人起舞，来看！||3,6583|351|43|80|2|5|14|
|特别花絮|大道朝天，各走一边，|你走你的，别来烦我|1,6936|198|29|27|0|7|6|
|特别花絮|你已有取死之道！||7,7683|1511|70|99|5|13|54|
|特别花絮|你的伪装，毫无用处||9,3063|122|50|34|0|3|6|
|特别花絮|路见不平，只需一剑||12,9169|165|62|31|4|8|10|
|特别花絮|你们想死吗？||11,2658|144|61|24|4|2|4|
|特别花絮|井九训猫反被挠||19,4523|155|59|26|3|7|10|
|特别花絮|吃火锅=修仙？||16,7230|167|69|32|8|30|9|
|特别花絮|井九"携"腊月成功登顶神末峰||21,6391|328|124|82|1|12|19|
|特别花絮|井九开导腊月，神末传承再现||10,3349|189|56|24|1|7|2|
|特别花絮|我要为神末峰再续传承||19,7618|220|88|49|0|7|19|
|特别花絮|腊月前方开路，井九后头乘凉||10,3862|114|42|27|1|4|5|
|特别花絮|井九出手，技惊四座||29,0330|607|161|140|18|17|26|
|特别花絮|用最平淡的语气说最装的话||23,2666|778|105|95|12|18|44|
|特别花絮|寻仇？最开始有过几次|后来就没人敢了|10,3884|87|30|23|4|3|4|
|特别花絮|元骑鲸出手，压迫感拉满||17,7163|378|63|42|3|13|17|
|特别花絮|这一天，他与她隔着漫天血花相对||16,7767|394|67|45|3|9|21|
|特别花絮|我想说的是，你就不该离我这么近！||12,9173|159|49|31|2|5|18|
|特别花絮|你的剑不错，我取了||13,9567|164|57|47|11|7|12|
|特别花絮|我两忘峰弟子，不可以是一个仆人||11,8809|104|43|31|7|6|10|
|特别花絮|你们打你们的，我飞升我的||10,5935|98|44|28|2|7|7|
|特别花絮|这样大气的仙师请给我来十位！||11,2001|103|45|28|1|3|1|
|特别花絮|天生道种居然与人为仆！||8,8537|51|26|12|0|1|1|
|特别花絮|这一天，他感受到了来自学神的碾压||14,4620|154|56|27|1|2|9|
|特别花絮|此去经年自然忘却，不忘反不美||10,1397|83|35|16|0|4|1|
|特别花絮|PV|如果人生可以重来，我大概还是这样！|14,6080|222|57|61|3|30|77|
|汇总|||播放量|点赞数|投币数|收藏数|弹幕数|分享数|评论数|
|汇总| | |9601,0676|49,5486|29,0665|11,9677|15,5820|1,6192|1,6192|


## 播放量TOP10

### 表格数据

|类型|集数|名称|播放量|点赞数|投币数|收藏数|弹幕数|分享数|评论数|
| :--: | :--: | :-------------: | --------: | :----: | -----: | -----: | -----: | -----: | -----: |
|正片|1|如果人生能重来|1763,1365|8,4792|3,5523|5,4364|4,1683|7039|4397|
|正片|2|偏向故山行|477,7443|2,8437|1,6220|4781|2,0913|756|874|
|正片|10|阴三是一个好名字|468,9503|2,4573|1,4458|4429|6410|643|1501|
|正片|4|剑归青山|439,0085|2,2962|1,4250|3809|7413|461|875|
|正片|16|大道朝天，各走一边|419,5624|3,8792|3,5433|7187|1,0496|905|3403|
|正片|3|公子只是怕麻烦|395,6032|2,2662|1,3576|3683|7286|443|795|
|正片|11|养不熟的刘阿大|393,8451|1,9754|1,2992|2988|8627|367|898|
|正片|5|隔着漫天血花相对|390,7065|2,0341|1,4343|3442|7675|502|1102|
|正片|6|人是我杀的|364,5455|2,3221|1,5944|3680|5870|371|765|
|正片|7|少年你意欲何为|349,3638|2,2115|1,5821|3199|7586|387|930|

### 数据可视化

![播放量TOP10](./images/播放量TOP10.png)

## 点赞数TOP10

### 表格数据

|类型|集数|名称|播放量|点赞数|投币数|收藏数|弹幕数|分享数|评论数|
| :--: | :--: | :-------------: | --------: | :----: | -----: | -----: | -----: | -----: | -----: |
|正片|1|如果人生能重来|1763,1365|8,4792|3,5523|5,4364|4,1683|7039|4397|
|正片|16|大道朝天，各走一边|419,5624|3,8792|3,5433|7187|1,0496|905|3403|
|正片|2|偏向故山行|477,7443|2,8437|1,6220|4781|2,0913|756|874|
|正片|10|阴三是一个好名字|468,9503|2,4573|1,4458|4429|6410|643|1501|
|正片|6|人是我杀的|364,5455|2,3221|1,5944|3680|5870|371|765|
|正片|4|剑归青山|439,0085|2,2962|1,4250|3809|7413|461|875|
|正片|3|公子只是怕麻烦|395,6032|2,2662|1,3576|3683|7286|443|795|
|正片|7|少年你意欲何为|349,3638|2,2115|1,5821|3199|7586|387|930|
|正片|5|隔着漫天血花相对|390,7065|2,0341|1,4343|3442|7675|502|1102|
|正片|11|养不熟的刘阿大|393,8451|1,9754|1,2992|2988|8627|367|898|

### 数据可视化

![点赞数TOP10](./images/点赞数TOP10.png)

## 投币数TOP10

### 表格数据

|类型|集数|名称|播放量|点赞数|投币数|收藏数|弹幕数|分享数|评论数|
| :--: | :--: | :-------------: | --------: | :----: | -----: | -----: | -----: | -----: | -----: |
|正片|1|如果人生能重来|1763,1365|8,4792|3,5523|5,4364|4,1683|7039|4397|
|正片|16|大道朝天，各走一边|419,5624|3,8792|3,5433|7187|1,0496|905|3403|
|正片|2|偏向故山行|477,7443|2,8437|1,6220|4781|2,0913|756|874|
|正片|6|人是我杀的|364,5455|2,3221|1,5944|3680|5870|371|765|
|正片|7|少年你意欲何为|349,3638|2,2115|1,5821|3199|7586|387|930|
|正片|10|阴三是一个好名字|468,9503|2,4573|1,4458|4429|6410|643|1501|
|正片|5|隔着漫天血花相对|390,7065|2,0341|1,4343|3442|7675|502|1102|
|正片|4|剑归青山|439,0085|2,2962|1,4250|3809|7413|461|875|
|正片|9|原来你一直在这里|340,0104|1,9686|1,3960|2819|6195|401|1308|
|正片|3|公子只是怕麻烦|395,6032|2,2662|1,3576|3683|7286|443|795|

### 数据可视化

![投币数TOP10](./images/投币数TOP10.png)

## 收藏数TOP10

### 表格数据

|类型|集数|名称|播放量|点赞数|投币数|收藏数|弹幕数|分享数|评论数|
| :--: | :--: | :-------------: | --------: | :----: | -----: | -----: | -----: | -----: | -----: |
|正片|1|如果人生能重来|1763,1365|8,4792|3,5523|5,4364|4,1683|7039|4397|
|正片|16|大道朝天，各走一边|419,5624|3,8792|3,5433|7187|1,0496|905|3403|
|正片|2|偏向故山行|477,7443|2,8437|1,6220|4781|2,0913|756|874|
|正片|10|阴三是一个好名字|468,9503|2,4573|1,4458|4429|6410|643|1501|
|正片|4|剑归青山|439,0085|2,2962|1,4250|3809|7413|461|875|
|正片|3|公子只是怕麻烦|395,6032|2,2662|1,3576|3683|7286|443|795|
|正片|6|人是我杀的|364,5455|2,3221|1,5944|3680|5870|371|765|
|正片|5|隔着漫天血花相对|390,7065|2,0341|1,4343|3442|7675|502|1102|
|正片|7|少年你意欲何为|349,3638|2,2115|1,5821|3199|7586|387|930|
|正片|11|养不熟的刘阿大|393,8451|1,9754|1,2992|2988|8627|367|898|

### 数据可视化

![收藏数TOP10](./images/收藏数TOP10.png)

## 弹幕数TOP10

### 表格数据

|类型|集数|名称|播放量|点赞数|投币数|收藏数|弹幕数|分享数|评论数|
| :--: | :--: | :-------------: | --------: | :----: | -----: | -----: | -----: | -----: | -----: |
|正片|1|如果人生能重来|1763,1365|8,4792|3,5523|5,4364|4,1683|7039|4397|
|正片|2|偏向故山行|477,7443|2,8437|1,6220|4781|2,0913|756|874|
|正片|16|大道朝天，各走一边|419,5624|3,8792|3,5433|7187|1,0496|905|3403|
|正片|11|养不熟的刘阿大|393,8451|1,9754|1,2992|2988|8627|367|898|
|正片|5|隔着漫天血花相对|390,7065|2,0341|1,4343|3442|7675|502|1102|
|正片|7|少年你意欲何为|349,3638|2,2115|1,5821|3199|7586|387|930|
|正片|4|剑归青山|439,0085|2,2962|1,4250|3809|7413|461|875|
|正片|3|公子只是怕麻烦|395,6032|2,2662|1,3576|3683|7286|443|795|
|正片|10|阴三是一个好名字|468,9503|2,4573|1,4458|4429|6410|643|1501|
|正片|9|原来你一直在这里|340,0104|1,9686|1,3960|2819|6195|401|1308|

### 数据可视化

![弹幕数TOP10](./images/弹幕数TOP10.png)

## 分享数TOP10

### 表格数据

|类型|集数|名称|播放量|点赞数|投币数|收藏数|弹幕数|分享数|评论数|
| :--: | :--: | :-------------: | --------: | :----: | -----: | -----: | -----: | -----: | -----: |
|正片|1|如果人生能重来|1763,1365|8,4792|3,5523|5,4364|4,1683|7039|4397|
|正片|16|大道朝天，各走一边|419,5624|3,8792|3,5433|7187|1,0496|905|3403|
|正片|2|偏向故山行|477,7443|2,8437|1,6220|4781|2,0913|756|874|
|正片|10|阴三是一个好名字|468,9503|2,4573|1,4458|4429|6410|643|1501|
|正片|5|隔着漫天血花相对|390,7065|2,0341|1,4343|3442|7675|502|1102|
|正片|4|剑归青山|439,0085|2,2962|1,4250|3809|7413|461|875|
|正片|3|公子只是怕麻烦|395,6032|2,2662|1,3576|3683|7286|443|795|
|正片|9|原来你一直在这里|340,0104|1,9686|1,3960|2819|6195|401|1308|
|正片|7|少年你意欲何为|349,3638|2,2115|1,5821|3199|7586|387|930|
|正片|6|人是我杀的|364,5455|2,3221|1,5944|3680|5870|371|765|

### 数据可视化

![分享数TOP10](./images/分享数TOP10.png)

## 评论数TOP10

### 表格数据

|类型|集数|名称|播放量|点赞数|投币数|收藏数|弹幕数|分享数|评论数|
| :--: | :--: | :-------------: | --------: | :----: | -----: | -----: | -----: | -----: | -----: |
|正片|1|如果人生能重来|1763,1365|8,4792|3,5523|5,4364|4,1683|7039|4397|
|正片|16|大道朝天，各走一边|419,5624|3,8792|3,5433|7187|1,0496|905|3403|
|正片|10|阴三是一个好名字|468,9503|2,4573|1,4458|4429|6410|643|1501|
|正片|9|原来你一直在这里|340,0104|1,9686|1,3960|2819|6195|401|1308|
|正片|5|隔着漫天血花相对|390,7065|2,0341|1,4343|3442|7675|502|1102|
|正片|8|我也是这么想的|330,8106|1,8814|1,2726|2698|5940|333|1010|
|正片|7|少年你意欲何为|349,3638|2,2115|1,5821|3199|7586|387|930|
|正片|11|养不熟的刘阿大|393,8451|1,9754|1,2992|2988|8627|367|898|
|正片|4|剑归青山|439,0085|2,2962|1,4250|3809|7413|461|875|
|正片|2|偏向故山行|477,7443|2,8437|1,6220|4781|2,0913|756|874|

### 数据可视化

![评论数TOP10](./images/评论数TOP10.png)

