## B站《大道朝天》动漫总数据统计(更新时间：2025-12-02 00:33:16)

### 表格数据

|类型|集数|名称|播放量|点赞数|投币数|收藏数|弹幕数|分享数|评论数|
| :--: | :--: | :-------------: | --------: | :----: | -----: | -----: | -----: | -----: | -----: |
|正片|1|如果人生能重来|1797,5209|8,6308|3,6016|5,5516|4,1991|7116|4440|
|正片|2|偏向故山行|488,4220|2,8768|1,6431|4851|2,1193|767|882|
|正片|3|公子只是怕麻烦|401,9377|2,2904|1,3738|3723|7355|446|803|
|正片|4|剑归青山|445,2990|2,3179|1,4409|3845|7498|465|875|
|正片|5|隔着漫天血花相对|396,9895|2,0551|1,4475|3465|7748|510|1104|
|正片|6|人是我杀的|370,5666|2,3422|1,6110|3711|5945|372|766|
|正片|7|少年你意欲何为|355,2359|2,2339|1,6000|3223|7665|390|933|
|正片|8|我也是这么想的|336,7552|1,8985|1,2841|2721|6015|335|1012|
|正片|9|原来你一直在这里|346,0046|1,9873|1,4084|2841|6263|405|1311|
|正片|10|阴三是一个好名字|475,5907|2,4860|1,4640|4462|6475|649|1504|
|正片|11|养不熟的刘阿大|400,4093|2,0013|1,3144|3017|8779|372|901|
|正片|12|千百年来皆如此|341,0284|1,8947|1,2364|2865|4495|323|853|
|正片|13|你们想死吗？|335,8026|1,7946|1,1460|2708|3896|263|667|
|正片|14|两个大魔头|322,3833|1,7655|1,1992|2457|4401|246|843|
|正片|15|我能想到最简单的事|322,4024|1,8534|1,2561|2990|4648|239|755|
|正片|16|大道朝天，各走一边|431,2783|3,9823|3,6393|7442|1,0790|936|3499|
|预告|发布会PV|满级大佬重生回到新手村|72,1228|2586|875|379|39|102|153|
|预告|火锅公路修仙动画|猫腻脑洞最大小说改编-《大道朝天》|316,4104|7683|3368|1521|1142|216|678|
|预告|终极PV|今日12:00开播|52,3645|1799|692|440|15|134|112|
|预告|ED《江畔夜游》正式发布！||22,3448|1008|220|152|16|55|70|
|预告|OP《大道朝天》正式发布！||27,0739|1681|300|332|91|93|184|
|预告|大道朝天角色PV——井九||18,4952|1096|160|206|63|126|138|
|预告|大道朝天角色PV——阴三||13,7714|766|76|73|24|23|83|
|预告|大道朝天角色PV——赵腊月||13,6242|828|121|74|26|28|137|
|预告|大道朝天角色PV——白鬼||12,4398|908|98|77|44|44|97|
|预告|大道朝天角色PV——柳十岁||12,4671|891|110|80|24|33|110|
|预告|大道朝天定档10月10日！||25,8870|2316|329|494|103|293|544|
|预告|PV2|大道朝天，各走一边。|28,9940|2532|345|623|190|309|503|
|预告|概念PV|踏上重回巅峰之路|27,4398|2490|268|323|79|205|441|
|预告|第1集预告||29,5721|743|80|48|12|17|36|
|预告|第2集预告||32,3434|772|221|143|10|15|17|
|预告|第3集预告||29,5376|780|162|111|2|17|13|
|预告|第4集预告||65,0324|2523|1176|371|28|52|239|
|预告|第5集预告||107,6486|3159|1414|554|29|77|198|
|预告|第6集预告||102,3382|3819|2148|725|35|81|287|
|预告|第7集预告||86,9349|2874|1234|339|38|37|200|
|预告|第8集预告||98,8368|3422|1707|525|85|46|339|
|预告|第9集预告||98,9543|3909|1804|612|43|62|321|
|预告|第10集预告||98,4710|4211|2187|591|65|48|361|
|预告|第11集预告||76,8904|3030|1304|374|29|27|197|
|预告|第12集预告||80,7647|2730|1028|242|35|39|120|
|预告|第13集预告||70,8417|2733|1169|319|33|28|126|
|预告|第14集预告||75,0474|3049|1181|309|32|44|123|
|预告|第15集预告||71,4580|2854|1065|307|40|31|162|
|预告|第16集预告||65,2391|3323|1439|310|39|23|176|
|特别花絮|鲛人起舞，来看！||3,7249|355|45|84|2|5|14|
|特别花絮|大道朝天，各走一边，|你走你的，别来烦我|1,7424|198|29|27|0|7|6|
|特别花絮|你已有取死之道！||7,9325|1518|70|102|5|13|54|
|特别花絮|你的伪装，毫无用处||9,3513|123|50|34|0|4|6|
|特别花絮|路见不平，只需一剑||12,9549|168|62|32|4|8|10|
|特别花絮|你们想死吗？||11,2892|145|61|24|4|2|4|
|特别花絮|井九训猫反被挠||19,4757|157|59|26|3|7|10|
|特别花絮|吃火锅=修仙？||16,7424|167|69|32|8|30|9|
|特别花絮|井九"携"腊月成功登顶神末峰||21,7020|332|126|82|1|12|19|
|特别花絮|井九开导腊月，神末传承再现||10,3618|189|56|24|1|7|2|
|特别花絮|我要为神末峰再续传承||19,7810|220|88|49|0|7|19|
|特别花絮|腊月前方开路，井九后头乘凉||10,4051|114|42|27|1|4|5|
|特别花絮|井九出手，技惊四座||29,0894|609|161|143|18|17|26|
|特别花絮|用最平淡的语气说最装的话||23,3357|789|105|95|13|18|46|
|特别花絮|寻仇？最开始有过几次|后来就没人敢了|10,4057|88|30|23|4|3|4|
|特别花絮|元骑鲸出手，压迫感拉满||17,7641|378|63|42|3|13|17|
|特别花絮|这一天，他与她隔着漫天血花相对||16,8008|394|67|45|3|9|21|
|特别花絮|我想说的是，你就不该离我这么近！||12,9359|159|49|31|2|5|18|
|特别花絮|你的剑不错，我取了||13,9734|165|57|47|11|7|12|
|特别花絮|我两忘峰弟子，不可以是一个仆人||11,9015|104|43|31|7|6|10|
|特别花絮|你们打你们的，我飞升我的||10,6084|98|44|28|2|7|7|
|特别花絮|这样大气的仙师请给我来十位！||11,2152|104|45|28|1|3|1|
|特别花絮|天生道种居然与人为仆！||8,8693|52|26|12|0|1|1|
|特别花絮|这一天，他感受到了来自学神的碾压||14,4777|155|56|27|1|2|9|
|特别花絮|此去经年自然忘却，不忘反不美||10,1678|84|35|17|0|4|1|
|特别花絮|PV|如果人生可以重来，我大概还是这样！|14,6402|222|57|61|3|30|77|
|汇总|||播放量|点赞数|投币数|收藏数|弹幕数|分享数|评论数|
|汇总| | |9752,6202|50,1709|29,4534|12,1664|15,7665|1,6370|1,6370|


## 播放量TOP10

### 表格数据

|类型|集数|名称|播放量|点赞数|投币数|收藏数|弹幕数|分享数|评论数|
| :--: | :--: | :-------------: | --------: | :----: | -----: | -----: | -----: | -----: | -----: |
|正片|1|如果人生能重来|1797,5209|8,6308|3,6016|5,5516|4,1991|7116|4440|
|正片|2|偏向故山行|488,4220|2,8768|1,6431|4851|2,1193|767|882|
|正片|10|阴三是一个好名字|475,5907|2,4860|1,4640|4462|6475|649|1504|
|正片|4|剑归青山|445,2990|2,3179|1,4409|3845|7498|465|875|
|正片|16|大道朝天，各走一边|431,2783|3,9823|3,6393|7442|1,0790|936|3499|
|正片|3|公子只是怕麻烦|401,9377|2,2904|1,3738|3723|7355|446|803|
|正片|11|养不熟的刘阿大|400,4093|2,0013|1,3144|3017|8779|372|901|
|正片|5|隔着漫天血花相对|396,9895|2,0551|1,4475|3465|7748|510|1104|
|正片|6|人是我杀的|370,5666|2,3422|1,6110|3711|5945|372|766|
|正片|7|少年你意欲何为|355,2359|2,2339|1,6000|3223|7665|390|933|

### 数据可视化

![播放量TOP10](./images/播放量TOP10.png)

## 点赞数TOP10

### 表格数据

|类型|集数|名称|播放量|点赞数|投币数|收藏数|弹幕数|分享数|评论数|
| :--: | :--: | :-------------: | --------: | :----: | -----: | -----: | -----: | -----: | -----: |
|正片|1|如果人生能重来|1797,5209|8,6308|3,6016|5,5516|4,1991|7116|4440|
|正片|16|大道朝天，各走一边|431,2783|3,9823|3,6393|7442|1,0790|936|3499|
|正片|2|偏向故山行|488,4220|2,8768|1,6431|4851|2,1193|767|882|
|正片|10|阴三是一个好名字|475,5907|2,4860|1,4640|4462|6475|649|1504|
|正片|6|人是我杀的|370,5666|2,3422|1,6110|3711|5945|372|766|
|正片|4|剑归青山|445,2990|2,3179|1,4409|3845|7498|465|875|
|正片|3|公子只是怕麻烦|401,9377|2,2904|1,3738|3723|7355|446|803|
|正片|7|少年你意欲何为|355,2359|2,2339|1,6000|3223|7665|390|933|
|正片|5|隔着漫天血花相对|396,9895|2,0551|1,4475|3465|7748|510|1104|
|正片|11|养不熟的刘阿大|400,4093|2,0013|1,3144|3017|8779|372|901|

### 数据可视化

![点赞数TOP10](./images/点赞数TOP10.png)

## 投币数TOP10

### 表格数据

|类型|集数|名称|播放量|点赞数|投币数|收藏数|弹幕数|分享数|评论数|
| :--: | :--: | :-------------: | --------: | :----: | -----: | -----: | -----: | -----: | -----: |
|正片|16|大道朝天，各走一边|431,2783|3,9823|3,6393|7442|1,0790|936|3499|
|正片|1|如果人生能重来|1797,5209|8,6308|3,6016|5,5516|4,1991|7116|4440|
|正片|2|偏向故山行|488,4220|2,8768|1,6431|4851|2,1193|767|882|
|正片|6|人是我杀的|370,5666|2,3422|1,6110|3711|5945|372|766|
|正片|7|少年你意欲何为|355,2359|2,2339|1,6000|3223|7665|390|933|
|正片|10|阴三是一个好名字|475,5907|2,4860|1,4640|4462|6475|649|1504|
|正片|5|隔着漫天血花相对|396,9895|2,0551|1,4475|3465|7748|510|1104|
|正片|4|剑归青山|445,2990|2,3179|1,4409|3845|7498|465|875|
|正片|9|原来你一直在这里|346,0046|1,9873|1,4084|2841|6263|405|1311|
|正片|3|公子只是怕麻烦|401,9377|2,2904|1,3738|3723|7355|446|803|

### 数据可视化

![投币数TOP10](./images/投币数TOP10.png)

## 收藏数TOP10

### 表格数据

|类型|集数|名称|播放量|点赞数|投币数|收藏数|弹幕数|分享数|评论数|
| :--: | :--: | :-------------: | --------: | :----: | -----: | -----: | -----: | -----: | -----: |
|正片|1|如果人生能重来|1797,5209|8,6308|3,6016|5,5516|4,1991|7116|4440|
|正片|16|大道朝天，各走一边|431,2783|3,9823|3,6393|7442|1,0790|936|3499|
|正片|2|偏向故山行|488,4220|2,8768|1,6431|4851|2,1193|767|882|
|正片|10|阴三是一个好名字|475,5907|2,4860|1,4640|4462|6475|649|1504|
|正片|4|剑归青山|445,2990|2,3179|1,4409|3845|7498|465|875|
|正片|3|公子只是怕麻烦|401,9377|2,2904|1,3738|3723|7355|446|803|
|正片|6|人是我杀的|370,5666|2,3422|1,6110|3711|5945|372|766|
|正片|5|隔着漫天血花相对|396,9895|2,0551|1,4475|3465|7748|510|1104|
|正片|7|少年你意欲何为|355,2359|2,2339|1,6000|3223|7665|390|933|
|正片|11|养不熟的刘阿大|400,4093|2,0013|1,3144|3017|8779|372|901|

### 数据可视化

![收藏数TOP10](./images/收藏数TOP10.png)

## 弹幕数TOP10

### 表格数据

|类型|集数|名称|播放量|点赞数|投币数|收藏数|弹幕数|分享数|评论数|
| :--: | :--: | :-------------: | --------: | :----: | -----: | -----: | -----: | -----: | -----: |
|正片|1|如果人生能重来|1797,5209|8,6308|3,6016|5,5516|4,1991|7116|4440|
|正片|2|偏向故山行|488,4220|2,8768|1,6431|4851|2,1193|767|882|
|正片|16|大道朝天，各走一边|431,2783|3,9823|3,6393|7442|1,0790|936|3499|
|正片|11|养不熟的刘阿大|400,4093|2,0013|1,3144|3017|8779|372|901|
|正片|5|隔着漫天血花相对|396,9895|2,0551|1,4475|3465|7748|510|1104|
|正片|7|少年你意欲何为|355,2359|2,2339|1,6000|3223|7665|390|933|
|正片|4|剑归青山|445,2990|2,3179|1,4409|3845|7498|465|875|
|正片|3|公子只是怕麻烦|401,9377|2,2904|1,3738|3723|7355|446|803|
|正片|10|阴三是一个好名字|475,5907|2,4860|1,4640|4462|6475|649|1504|
|正片|9|原来你一直在这里|346,0046|1,9873|1,4084|2841|6263|405|1311|

### 数据可视化

![弹幕数TOP10](./images/弹幕数TOP10.png)

## 分享数TOP10

### 表格数据

|类型|集数|名称|播放量|点赞数|投币数|收藏数|弹幕数|分享数|评论数|
| :--: | :--: | :-------------: | --------: | :----: | -----: | -----: | -----: | -----: | -----: |
|正片|1|如果人生能重来|1797,5209|8,6308|3,6016|5,5516|4,1991|7116|4440|
|正片|16|大道朝天，各走一边|431,2783|3,9823|3,6393|7442|1,0790|936|3499|
|正片|2|偏向故山行|488,4220|2,8768|1,6431|4851|2,1193|767|882|
|正片|10|阴三是一个好名字|475,5907|2,4860|1,4640|4462|6475|649|1504|
|正片|5|隔着漫天血花相对|396,9895|2,0551|1,4475|3465|7748|510|1104|
|正片|4|剑归青山|445,2990|2,3179|1,4409|3845|7498|465|875|
|正片|3|公子只是怕麻烦|401,9377|2,2904|1,3738|3723|7355|446|803|
|正片|9|原来你一直在这里|346,0046|1,9873|1,4084|2841|6263|405|1311|
|正片|7|少年你意欲何为|355,2359|2,2339|1,6000|3223|7665|390|933|
|正片|11|养不熟的刘阿大|400,4093|2,0013|1,3144|3017|8779|372|901|

### 数据可视化

![分享数TOP10](./images/分享数TOP10.png)

## 评论数TOP10

### 表格数据

|类型|集数|名称|播放量|点赞数|投币数|收藏数|弹幕数|分享数|评论数|
| :--: | :--: | :-------------: | --------: | :----: | -----: | -----: | -----: | -----: | -----: |
|正片|1|如果人生能重来|1797,5209|8,6308|3,6016|5,5516|4,1991|7116|4440|
|正片|16|大道朝天，各走一边|431,2783|3,9823|3,6393|7442|1,0790|936|3499|
|正片|10|阴三是一个好名字|475,5907|2,4860|1,4640|4462|6475|649|1504|
|正片|9|原来你一直在这里|346,0046|1,9873|1,4084|2841|6263|405|1311|
|正片|5|隔着漫天血花相对|396,9895|2,0551|1,4475|3465|7748|510|1104|
|正片|8|我也是这么想的|336,7552|1,8985|1,2841|2721|6015|335|1012|
|正片|7|少年你意欲何为|355,2359|2,2339|1,6000|3223|7665|390|933|
|正片|11|养不熟的刘阿大|400,4093|2,0013|1,3144|3017|8779|372|901|
|正片|2|偏向故山行|488,4220|2,8768|1,6431|4851|2,1193|767|882|
|正片|4|剑归青山|445,2990|2,3179|1,4409|3845|7498|465|875|

### 数据可视化

![评论数TOP10](./images/评论数TOP10.png)

