## B站《大道朝天》动漫总数据统计(更新时间：2025-12-06 00:30:49)

### 表格数据

|类型|集数|名称|播放量|点赞数|投币数|收藏数|弹幕数|分享数|评论数|
| :--: | :--: | :-------------: | --------: | :----: | -----: | -----: | -----: | -----: | -----: |
|正片|1|如果人生能重来|1802,3072|8,6549|3,6096|5,5688|4,2041|7126|4452|
|正片|2|偏向故山行|489,7199|2,8810|1,6464|4865|2,1225|769|884|
|正片|3|公子只是怕麻烦|402,9406|2,2942|1,3767|3732|7364|448|803|
|正片|4|剑归青山|446,2672|2,3214|1,4433|3853|7509|466|877|
|正片|5|隔着漫天血花相对|397,9764|2,0589|1,4492|3472|7768|510|1105|
|正片|6|人是我杀的|371,5081|2,3456|1,6138|3716|5957|372|767|
|正片|7|少年你意欲何为|356,1411|2,2388|1,6039|3225|7681|390|933|
|正片|8|我也是这么想的|337,6650|1,9023|1,2861|2726|6026|336|1014|
|正片|9|原来你一直在这里|346,9393|1,9910|1,4116|2846|6281|407|1311|
|正片|10|阴三是一个好名字|476,6038|2,4898|1,4668|4471|6490|652|1505|
|正片|11|养不熟的刘阿大|401,4309|2,0056|1,3168|3019|8796|372|906|
|正片|12|千百年来皆如此|342,2109|1,9009|1,2384|2875|4513|323|855|
|正片|13|你们想死吗？|336,8274|1,7987|1,1485|2711|3908|264|667|
|正片|14|两个大魔头|323,3926|1,7685|1,2005|2461|4419|247|844|
|正片|15|我能想到最简单的事|323,5773|1,8582|1,2584|3002|4667|240|756|
|正片|16|大道朝天，各走一边|433,3006|4,0007|3,6554|7491|1,0844|945|3510|
|预告|发布会PV|满级大佬重生回到新手村|72,1563|2586|875|378|39|102|153|
|预告|火锅公路修仙动画|猫腻脑洞最大小说改编-《大道朝天》|316,4566|7684|3368|1523|1142|216|678|
|预告|终极PV|今日12:00开播|52,3843|1799|692|439|15|134|112|
|预告|ED《江畔夜游》正式发布！||22,3876|1013|220|156|16|55|70|
|预告|OP《大道朝天》正式发布！||27,1597|1687|300|338|91|94|184|
|预告|大道朝天角色PV——井九||18,5052|1096|160|206|63|126|138|
|预告|大道朝天角色PV——阴三||13,7793|766|76|73|24|23|83|
|预告|大道朝天角色PV——赵腊月||13,6312|828|121|74|26|28|137|
|预告|大道朝天角色PV——白鬼||12,4444|908|98|76|44|44|97|
|预告|大道朝天角色PV——柳十岁||12,4711|891|110|80|24|33|110|
|预告|大道朝天定档10月10日！||25,8916|2316|329|494|103|293|544|
|预告|PV2|大道朝天，各走一边。|28,9997|2532|345|623|190|309|503|
|预告|概念PV|踏上重回巅峰之路|27,4441|2490|268|323|79|205|441|
|预告|第1集预告||29,5802|743|80|48|12|17|36|
|预告|第2集预告||32,5357|774|223|143|10|15|17|
|预告|第3集预告||29,6679|781|162|113|2|17|13|
|预告|第4集预告||65,1410|2524|1176|372|28|52|239|
|预告|第5集预告||107,7519|3159|1414|554|29|77|198|
|预告|第6集预告||102,4381|3819|2148|725|35|81|287|
|预告|第7集预告||87,0316|2875|1236|340|38|37|200|
|预告|第8集预告||98,9299|3422|1707|525|85|46|339|
|预告|第9集预告||99,0462|3909|1804|612|43|62|321|
|预告|第10集预告||98,5626|4210|2187|591|65|48|361|
|预告|第11集预告||76,9843|3030|1304|374|29|27|197|
|预告|第12集预告||80,8591|2730|1028|242|35|39|121|
|预告|第13集预告||70,9336|2733|1169|319|33|28|126|
|预告|第14集预告||75,1371|3049|1181|309|32|44|123|
|预告|第15集预告||71,5494|2854|1065|307|40|31|162|
|预告|第16集预告||65,3442|3323|1439|310|39|23|176|
|特别花絮|鲛人起舞，来看！||3,7376|355|45|85|2|5|14|
|特别花絮|大道朝天，各走一边，|你走你的，别来烦我|1,7494|198|29|27|0|7|6|
|特别花絮|你已有取死之道！||7,9629|1524|73|102|5|13|54|
|特别花絮|你的伪装，毫无用处||9,3581|123|50|34|0|4|6|
|特别花絮|路见不平，只需一剑||12,9633|168|62|32|4|8|10|
|特别花絮|你们想死吗？||11,2941|145|61|24|4|2|4|
|特别花絮|井九训猫反被挠||19,4792|157|59|26|3|7|10|
|特别花絮|吃火锅=修仙？||16,7457|167|69|32|8|30|9|
|特别花絮|井九"携"腊月成功登顶神末峰||21,7152|333|126|82|1|12|19|
|特别花絮|井九开导腊月，神末传承再现||10,3673|189|56|24|1|7|2|
|特别花絮|我要为神末峰再续传承||19,7850|220|88|49|0|7|19|
|特别花絮|腊月前方开路，井九后头乘凉||10,4084|114|42|27|1|4|5|
|特别花絮|井九出手，技惊四座||29,0992|609|161|143|18|18|26|
|特别花絮|用最平淡的语气说最装的话||23,3459|789|105|96|13|18|46|
|特别花絮|寻仇？最开始有过几次|后来就没人敢了|10,4086|88|30|23|4|3|4|
|特别花絮|元骑鲸出手，压迫感拉满||17,7735|378|63|42|3|13|17|
|特别花絮|这一天，他与她隔着漫天血花相对||16,8063|395|67|45|3|9|21|
|特别花絮|我想说的是，你就不该离我这么近！||12,9388|159|49|31|2|5|18|
|特别花絮|你的剑不错，我取了||13,9756|165|57|47|11|7|12|
|特别花絮|我两忘峰弟子，不可以是一个仆人||11,9049|104|43|31|7|6|10|
|特别花絮|你们打你们的，我飞升我的||10,6105|98|44|28|2|7|7|
|特别花絮|这样大气的仙师请给我来十位！||11,2173|104|45|28|1|3|1|
|特别花絮|天生道种居然与人为仆！||8,8721|52|26|12|0|1|1|
|特别花絮|这一天，他感受到了来自学神的碾压||14,4812|155|56|27|1|2|9|
|特别花絮|此去经年自然忘却，不忘反不美||10,1732|84|35|17|0|4|1|
|特别花絮|PV|如果人生可以重来，我大概还是这样！|14,6451|222|57|61|3|30|77|
|汇总|||播放量|点赞数|投币数|收藏数|弹幕数|分享数|评论数|
|汇总| | |9775,8306|50,2731|29,5137|12,1995|15,7997|1,6405|1,6405|


## 播放量TOP10

### 表格数据

|类型|集数|名称|播放量|点赞数|投币数|收藏数|弹幕数|分享数|评论数|
| :--: | :--: | :-------------: | --------: | :----: | -----: | -----: | -----: | -----: | -----: |
|正片|1|如果人生能重来|1802,3072|8,6549|3,6096|5,5688|4,2041|7126|4452|
|正片|2|偏向故山行|489,7199|2,8810|1,6464|4865|2,1225|769|884|
|正片|10|阴三是一个好名字|476,6038|2,4898|1,4668|4471|6490|652|1505|
|正片|4|剑归青山|446,2672|2,3214|1,4433|3853|7509|466|877|
|正片|16|大道朝天，各走一边|433,3006|4,0007|3,6554|7491|1,0844|945|3510|
|正片|3|公子只是怕麻烦|402,9406|2,2942|1,3767|3732|7364|448|803|
|正片|11|养不熟的刘阿大|401,4309|2,0056|1,3168|3019|8796|372|906|
|正片|5|隔着漫天血花相对|397,9764|2,0589|1,4492|3472|7768|510|1105|
|正片|6|人是我杀的|371,5081|2,3456|1,6138|3716|5957|372|767|
|正片|7|少年你意欲何为|356,1411|2,2388|1,6039|3225|7681|390|933|

### 数据可视化

![播放量TOP10](./images/播放量TOP10.png)

## 点赞数TOP10

### 表格数据

|类型|集数|名称|播放量|点赞数|投币数|收藏数|弹幕数|分享数|评论数|
| :--: | :--: | :-------------: | --------: | :----: | -----: | -----: | -----: | -----: | -----: |
|正片|1|如果人生能重来|1802,3072|8,6549|3,6096|5,5688|4,2041|7126|4452|
|正片|16|大道朝天，各走一边|433,3006|4,0007|3,6554|7491|1,0844|945|3510|
|正片|2|偏向故山行|489,7199|2,8810|1,6464|4865|2,1225|769|884|
|正片|10|阴三是一个好名字|476,6038|2,4898|1,4668|4471|6490|652|1505|
|正片|6|人是我杀的|371,5081|2,3456|1,6138|3716|5957|372|767|
|正片|4|剑归青山|446,2672|2,3214|1,4433|3853|7509|466|877|
|正片|3|公子只是怕麻烦|402,9406|2,2942|1,3767|3732|7364|448|803|
|正片|7|少年你意欲何为|356,1411|2,2388|1,6039|3225|7681|390|933|
|正片|5|隔着漫天血花相对|397,9764|2,0589|1,4492|3472|7768|510|1105|
|正片|11|养不熟的刘阿大|401,4309|2,0056|1,3168|3019|8796|372|906|

### 数据可视化

![点赞数TOP10](./images/点赞数TOP10.png)

## 投币数TOP10

### 表格数据

|类型|集数|名称|播放量|点赞数|投币数|收藏数|弹幕数|分享数|评论数|
| :--: | :--: | :-------------: | --------: | :----: | -----: | -----: | -----: | -----: | -----: |
|正片|16|大道朝天，各走一边|433,3006|4,0007|3,6554|7491|1,0844|945|3510|
|正片|1|如果人生能重来|1802,3072|8,6549|3,6096|5,5688|4,2041|7126|4452|
|正片|2|偏向故山行|489,7199|2,8810|1,6464|4865|2,1225|769|884|
|正片|6|人是我杀的|371,5081|2,3456|1,6138|3716|5957|372|767|
|正片|7|少年你意欲何为|356,1411|2,2388|1,6039|3225|7681|390|933|
|正片|10|阴三是一个好名字|476,6038|2,4898|1,4668|4471|6490|652|1505|
|正片|5|隔着漫天血花相对|397,9764|2,0589|1,4492|3472|7768|510|1105|
|正片|4|剑归青山|446,2672|2,3214|1,4433|3853|7509|466|877|
|正片|9|原来你一直在这里|346,9393|1,9910|1,4116|2846|6281|407|1311|
|正片|3|公子只是怕麻烦|402,9406|2,2942|1,3767|3732|7364|448|803|

### 数据可视化

![投币数TOP10](./images/投币数TOP10.png)

## 收藏数TOP10

### 表格数据

|类型|集数|名称|播放量|点赞数|投币数|收藏数|弹幕数|分享数|评论数|
| :--: | :--: | :-------------: | --------: | :----: | -----: | -----: | -----: | -----: | -----: |
|正片|1|如果人生能重来|1802,3072|8,6549|3,6096|5,5688|4,2041|7126|4452|
|正片|16|大道朝天，各走一边|433,3006|4,0007|3,6554|7491|1,0844|945|3510|
|正片|2|偏向故山行|489,7199|2,8810|1,6464|4865|2,1225|769|884|
|正片|10|阴三是一个好名字|476,6038|2,4898|1,4668|4471|6490|652|1505|
|正片|4|剑归青山|446,2672|2,3214|1,4433|3853|7509|466|877|
|正片|3|公子只是怕麻烦|402,9406|2,2942|1,3767|3732|7364|448|803|
|正片|6|人是我杀的|371,5081|2,3456|1,6138|3716|5957|372|767|
|正片|5|隔着漫天血花相对|397,9764|2,0589|1,4492|3472|7768|510|1105|
|正片|7|少年你意欲何为|356,1411|2,2388|1,6039|3225|7681|390|933|
|正片|11|养不熟的刘阿大|401,4309|2,0056|1,3168|3019|8796|372|906|

### 数据可视化

![收藏数TOP10](./images/收藏数TOP10.png)

## 弹幕数TOP10

### 表格数据

|类型|集数|名称|播放量|点赞数|投币数|收藏数|弹幕数|分享数|评论数|
| :--: | :--: | :-------------: | --------: | :----: | -----: | -----: | -----: | -----: | -----: |
|正片|1|如果人生能重来|1802,3072|8,6549|3,6096|5,5688|4,2041|7126|4452|
|正片|2|偏向故山行|489,7199|2,8810|1,6464|4865|2,1225|769|884|
|正片|16|大道朝天，各走一边|433,3006|4,0007|3,6554|7491|1,0844|945|3510|
|正片|11|养不熟的刘阿大|401,4309|2,0056|1,3168|3019|8796|372|906|
|正片|5|隔着漫天血花相对|397,9764|2,0589|1,4492|3472|7768|510|1105|
|正片|7|少年你意欲何为|356,1411|2,2388|1,6039|3225|7681|390|933|
|正片|4|剑归青山|446,2672|2,3214|1,4433|3853|7509|466|877|
|正片|3|公子只是怕麻烦|402,9406|2,2942|1,3767|3732|7364|448|803|
|正片|10|阴三是一个好名字|476,6038|2,4898|1,4668|4471|6490|652|1505|
|正片|9|原来你一直在这里|346,9393|1,9910|1,4116|2846|6281|407|1311|

### 数据可视化

![弹幕数TOP10](./images/弹幕数TOP10.png)

## 分享数TOP10

### 表格数据

|类型|集数|名称|播放量|点赞数|投币数|收藏数|弹幕数|分享数|评论数|
| :--: | :--: | :-------------: | --------: | :----: | -----: | -----: | -----: | -----: | -----: |
|正片|1|如果人生能重来|1802,3072|8,6549|3,6096|5,5688|4,2041|7126|4452|
|正片|16|大道朝天，各走一边|433,3006|4,0007|3,6554|7491|1,0844|945|3510|
|正片|2|偏向故山行|489,7199|2,8810|1,6464|4865|2,1225|769|884|
|正片|10|阴三是一个好名字|476,6038|2,4898|1,4668|4471|6490|652|1505|
|正片|5|隔着漫天血花相对|397,9764|2,0589|1,4492|3472|7768|510|1105|
|正片|4|剑归青山|446,2672|2,3214|1,4433|3853|7509|466|877|
|正片|3|公子只是怕麻烦|402,9406|2,2942|1,3767|3732|7364|448|803|
|正片|9|原来你一直在这里|346,9393|1,9910|1,4116|2846|6281|407|1311|
|正片|7|少年你意欲何为|356,1411|2,2388|1,6039|3225|7681|390|933|
|正片|11|养不熟的刘阿大|401,4309|2,0056|1,3168|3019|8796|372|906|

### 数据可视化

![分享数TOP10](./images/分享数TOP10.png)

## 评论数TOP10

### 表格数据

|类型|集数|名称|播放量|点赞数|投币数|收藏数|弹幕数|分享数|评论数|
| :--: | :--: | :-------------: | --------: | :----: | -----: | -----: | -----: | -----: | -----: |
|正片|1|如果人生能重来|1802,3072|8,6549|3,6096|5,5688|4,2041|7126|4452|
|正片|16|大道朝天，各走一边|433,3006|4,0007|3,6554|7491|1,0844|945|3510|
|正片|10|阴三是一个好名字|476,6038|2,4898|1,4668|4471|6490|652|1505|
|正片|9|原来你一直在这里|346,9393|1,9910|1,4116|2846|6281|407|1311|
|正片|5|隔着漫天血花相对|397,9764|2,0589|1,4492|3472|7768|510|1105|
|正片|8|我也是这么想的|337,6650|1,9023|1,2861|2726|6026|336|1014|
|正片|7|少年你意欲何为|356,1411|2,2388|1,6039|3225|7681|390|933|
|正片|11|养不熟的刘阿大|401,4309|2,0056|1,3168|3019|8796|372|906|
|正片|2|偏向故山行|489,7199|2,8810|1,6464|4865|2,1225|769|884|
|正片|4|剑归青山|446,2672|2,3214|1,4433|3853|7509|466|877|

### 数据可视化

![评论数TOP10](./images/评论数TOP10.png)

