## B站《大道朝天》动漫总数据统计(更新时间：2025-11-30 00:27:40)

### 表格数据

|类型|集数|名称|播放量|点赞数|投币数|收藏数|弹幕数|分享数|评论数|
| :--: | :--: | :-------------: | --------: | :----: | -----: | -----: | -----: | -----: | -----: |
|正片|1|如果人生能重来|1794,5028|8,6159|3,5969|5,5416|4,1949|7108|4433|
|正片|2|偏向故山行|487,2372|2,8729|1,6406|4845|2,1163|767|882|
|正片|3|公子只是怕麻烦|401,2763|2,2879|1,3722|3720|7348|446|800|
|正片|4|剑归青山|444,6540|2,3159|1,4395|3839|7490|465|875|
|正片|5|隔着漫天血花相对|396,3341|2,0531|1,4461|3468|7744|508|1103|
|正片|6|人是我杀的|369,9521|2,3404|1,6102|3709|5938|372|766|
|正片|7|少年你意欲何为|354,6364|2,2320|1,5990|3219|7655|390|933|
|正片|8|我也是这么想的|336,1463|1,8968|1,2831|2723|6006|334|1011|
|正片|9|原来你一直在这里|345,3864|1,9858|1,4077|2840|6255|405|1311|
|正片|10|阴三是一个好名字|474,9243|2,4830|1,4611|4459|6468|647|1504|
|正片|11|养不熟的刘阿大|399,7157|1,9988|1,3134|3010|8766|370|901|
|正片|12|千百年来皆如此|340,1722|1,8892|1,2335|2857|4487|321|850|
|正片|13|你们想死吗？|335,0890|1,7919|1,1449|2706|3893|263|666|
|正片|14|两个大魔头|321,6869|1,7620|1,1957|2452|4397|244|843|
|正片|15|我能想到最简单的事|321,6107|1,8498|1,2543|2981|4639|238|753|
|正片|16|大道朝天，各走一边|430,0345|3,9691|3,6256|7417|1,0755|934|3487|
|预告|发布会PV|满级大佬重生回到新手村|72,1032|2585|875|377|39|102|153|
|预告|火锅公路修仙动画|猫腻脑洞最大小说改编-《大道朝天》|316,3806|7683|3368|1521|1142|216|678|
|预告|终极PV|今日12:00开播|52,3530|1798|692|440|15|134|112|
|预告|ED《江畔夜游》正式发布！||22,3310|1008|220|152|16|55|70|
|预告|OP《大道朝天》正式发布！||27,0504|1678|298|331|91|93|184|
|预告|大道朝天角色PV——井九||18,4919|1096|160|206|63|125|138|
|预告|大道朝天角色PV——阴三||13,7681|766|76|73|24|23|83|
|预告|大道朝天角色PV——赵腊月||13,6215|828|121|74|26|28|137|
|预告|大道朝天角色PV——白鬼||12,4380|908|98|77|44|44|97|
|预告|大道朝天角色PV——柳十岁||12,4651|891|110|80|24|33|110|
|预告|大道朝天定档10月10日！||25,8846|2316|329|494|103|293|544|
|预告|PV2|大道朝天，各走一边。|28,9909|2532|345|623|190|309|503|
|预告|概念PV|踏上重回巅峰之路|27,4372|2489|268|323|79|205|441|
|预告|第1集预告||29,5686|743|80|48|12|17|36|
|预告|第2集预告||32,2227|770|221|141|10|15|17|
|预告|第3集预告||29,4552|780|162|111|2|17|13|
|预告|第4集预告||64,9676|2523|1176|370|28|52|239|
|预告|第5集预告||107,5856|3159|1414|554|29|77|198|
|预告|第6集预告||102,2793|3818|2146|725|35|81|287|
|预告|第7集预告||86,8780|2874|1234|339|38|37|200|
|预告|第8集预告||98,7784|3422|1707|526|85|46|339|
|预告|第9集预告||98,8972|3909|1804|612|43|62|321|
|预告|第10集预告||98,4132|4211|2187|591|65|48|361|
|预告|第11集预告||76,8291|3030|1304|374|29|27|197|
|预告|第12集预告||80,7017|2730|1028|242|35|39|120|
|预告|第13集预告||70,7845|2733|1169|319|33|28|126|
|预告|第14集预告||74,9928|3049|1181|309|32|44|123|
|预告|第15集预告||71,4031|2854|1065|307|40|31|162|
|预告|第16集预告||65,1697|3323|1439|310|39|23|176|
|特别花絮|鲛人起舞，来看！||3,7181|355|45|84|2|5|14|
|特别花絮|大道朝天，各走一边，|你走你的，别来烦我|1,7372|198|29|27|0|7|6|
|特别花絮|你已有取死之道！||7,9199|1516|70|102|5|13|54|
|特别花絮|你的伪装，毫无用处||9,3480|123|50|34|0|4|6|
|特别花絮|路见不平，只需一剑||12,9503|168|62|32|4|8|10|
|特别花絮|你们想死吗？||11,2869|145|61|24|4|2|4|
|特别花絮|井九训猫反被挠||19,4732|157|59|26|3|7|10|
|特别花絮|吃火锅=修仙？||16,7402|167|69|32|8|30|9|
|特别花絮|井九"携"腊月成功登顶神末峰||21,6967|332|126|82|1|12|19|
|特别花絮|井九开导腊月，神末传承再现||10,3584|190|56|24|1|7|2|
|特别花絮|我要为神末峰再续传承||19,7787|220|88|49|0|7|19|
|特别花絮|腊月前方开路，井九后头乘凉||10,4024|114|42|27|1|4|5|
|特别花絮|井九出手，技惊四座||29,0830|609|161|143|18|17|26|
|特别花絮|用最平淡的语气说最装的话||23,3305|789|105|95|13|18|46|
|特别花絮|寻仇？最开始有过几次|后来就没人敢了|10,4039|88|30|23|4|3|4|
|特别花絮|元骑鲸出手，压迫感拉满||17,7540|378|63|42|3|13|17|
|特别花絮|这一天，他与她隔着漫天血花相对||16,7969|394|67|45|3|9|21|
|特别花絮|我想说的是，你就不该离我这么近！||12,9332|159|49|31|2|5|18|
|特别花絮|你的剑不错，我取了||13,9715|165|57|47|11|7|12|
|特别花絮|我两忘峰弟子，不可以是一个仆人||11,8996|104|43|31|7|6|10|
|特别花絮|你们打你们的，我飞升我的||10,6071|98|44|28|2|7|7|
|特别花絮|这样大气的仙师请给我来十位！||11,2134|104|45|28|1|3|1|
|特别花絮|天生道种居然与人为仆！||8,8679|52|26|12|0|1|1|
|特别花絮|这一天，他感受到了来自学神的碾压||14,4762|155|56|27|1|2|9|
|特别花絮|此去经年自然忘却，不忘反不美||10,1652|84|35|17|0|4|1|
|特别花絮|PV|如果人生可以重来，我大概还是这样！|14,6367|222|57|61|3|30|77|
|汇总|||播放量|点赞数|投币数|收藏数|弹幕数|分享数|评论数|
|汇总| | |9737,1502|50,1037|29,4110|12,1483|15,7461|1,6347|1,6347|


## 播放量TOP10

### 表格数据

|类型|集数|名称|播放量|点赞数|投币数|收藏数|弹幕数|分享数|评论数|
| :--: | :--: | :-------------: | --------: | :----: | -----: | -----: | -----: | -----: | -----: |
|正片|1|如果人生能重来|1794,5028|8,6159|3,5969|5,5416|4,1949|7108|4433|
|正片|2|偏向故山行|487,2372|2,8729|1,6406|4845|2,1163|767|882|
|正片|10|阴三是一个好名字|474,9243|2,4830|1,4611|4459|6468|647|1504|
|正片|4|剑归青山|444,6540|2,3159|1,4395|3839|7490|465|875|
|正片|16|大道朝天，各走一边|430,0345|3,9691|3,6256|7417|1,0755|934|3487|
|正片|3|公子只是怕麻烦|401,2763|2,2879|1,3722|3720|7348|446|800|
|正片|11|养不熟的刘阿大|399,7157|1,9988|1,3134|3010|8766|370|901|
|正片|5|隔着漫天血花相对|396,3341|2,0531|1,4461|3468|7744|508|1103|
|正片|6|人是我杀的|369,9521|2,3404|1,6102|3709|5938|372|766|
|正片|7|少年你意欲何为|354,6364|2,2320|1,5990|3219|7655|390|933|

### 数据可视化

![播放量TOP10](./images/播放量TOP10.png)

## 点赞数TOP10

### 表格数据

|类型|集数|名称|播放量|点赞数|投币数|收藏数|弹幕数|分享数|评论数|
| :--: | :--: | :-------------: | --------: | :----: | -----: | -----: | -----: | -----: | -----: |
|正片|1|如果人生能重来|1794,5028|8,6159|3,5969|5,5416|4,1949|7108|4433|
|正片|16|大道朝天，各走一边|430,0345|3,9691|3,6256|7417|1,0755|934|3487|
|正片|2|偏向故山行|487,2372|2,8729|1,6406|4845|2,1163|767|882|
|正片|10|阴三是一个好名字|474,9243|2,4830|1,4611|4459|6468|647|1504|
|正片|6|人是我杀的|369,9521|2,3404|1,6102|3709|5938|372|766|
|正片|4|剑归青山|444,6540|2,3159|1,4395|3839|7490|465|875|
|正片|3|公子只是怕麻烦|401,2763|2,2879|1,3722|3720|7348|446|800|
|正片|7|少年你意欲何为|354,6364|2,2320|1,5990|3219|7655|390|933|
|正片|5|隔着漫天血花相对|396,3341|2,0531|1,4461|3468|7744|508|1103|
|正片|11|养不熟的刘阿大|399,7157|1,9988|1,3134|3010|8766|370|901|

### 数据可视化

![点赞数TOP10](./images/点赞数TOP10.png)

## 投币数TOP10

### 表格数据

|类型|集数|名称|播放量|点赞数|投币数|收藏数|弹幕数|分享数|评论数|
| :--: | :--: | :-------------: | --------: | :----: | -----: | -----: | -----: | -----: | -----: |
|正片|16|大道朝天，各走一边|430,0345|3,9691|3,6256|7417|1,0755|934|3487|
|正片|1|如果人生能重来|1794,5028|8,6159|3,5969|5,5416|4,1949|7108|4433|
|正片|2|偏向故山行|487,2372|2,8729|1,6406|4845|2,1163|767|882|
|正片|6|人是我杀的|369,9521|2,3404|1,6102|3709|5938|372|766|
|正片|7|少年你意欲何为|354,6364|2,2320|1,5990|3219|7655|390|933|
|正片|10|阴三是一个好名字|474,9243|2,4830|1,4611|4459|6468|647|1504|
|正片|5|隔着漫天血花相对|396,3341|2,0531|1,4461|3468|7744|508|1103|
|正片|4|剑归青山|444,6540|2,3159|1,4395|3839|7490|465|875|
|正片|9|原来你一直在这里|345,3864|1,9858|1,4077|2840|6255|405|1311|
|正片|3|公子只是怕麻烦|401,2763|2,2879|1,3722|3720|7348|446|800|

### 数据可视化

![投币数TOP10](./images/投币数TOP10.png)

## 收藏数TOP10

### 表格数据

|类型|集数|名称|播放量|点赞数|投币数|收藏数|弹幕数|分享数|评论数|
| :--: | :--: | :-------------: | --------: | :----: | -----: | -----: | -----: | -----: | -----: |
|正片|1|如果人生能重来|1794,5028|8,6159|3,5969|5,5416|4,1949|7108|4433|
|正片|16|大道朝天，各走一边|430,0345|3,9691|3,6256|7417|1,0755|934|3487|
|正片|2|偏向故山行|487,2372|2,8729|1,6406|4845|2,1163|767|882|
|正片|10|阴三是一个好名字|474,9243|2,4830|1,4611|4459|6468|647|1504|
|正片|4|剑归青山|444,6540|2,3159|1,4395|3839|7490|465|875|
|正片|3|公子只是怕麻烦|401,2763|2,2879|1,3722|3720|7348|446|800|
|正片|6|人是我杀的|369,9521|2,3404|1,6102|3709|5938|372|766|
|正片|5|隔着漫天血花相对|396,3341|2,0531|1,4461|3468|7744|508|1103|
|正片|7|少年你意欲何为|354,6364|2,2320|1,5990|3219|7655|390|933|
|正片|11|养不熟的刘阿大|399,7157|1,9988|1,3134|3010|8766|370|901|

### 数据可视化

![收藏数TOP10](./images/收藏数TOP10.png)

## 弹幕数TOP10

### 表格数据

|类型|集数|名称|播放量|点赞数|投币数|收藏数|弹幕数|分享数|评论数|
| :--: | :--: | :-------------: | --------: | :----: | -----: | -----: | -----: | -----: | -----: |
|正片|1|如果人生能重来|1794,5028|8,6159|3,5969|5,5416|4,1949|7108|4433|
|正片|2|偏向故山行|487,2372|2,8729|1,6406|4845|2,1163|767|882|
|正片|16|大道朝天，各走一边|430,0345|3,9691|3,6256|7417|1,0755|934|3487|
|正片|11|养不熟的刘阿大|399,7157|1,9988|1,3134|3010|8766|370|901|
|正片|5|隔着漫天血花相对|396,3341|2,0531|1,4461|3468|7744|508|1103|
|正片|7|少年你意欲何为|354,6364|2,2320|1,5990|3219|7655|390|933|
|正片|4|剑归青山|444,6540|2,3159|1,4395|3839|7490|465|875|
|正片|3|公子只是怕麻烦|401,2763|2,2879|1,3722|3720|7348|446|800|
|正片|10|阴三是一个好名字|474,9243|2,4830|1,4611|4459|6468|647|1504|
|正片|9|原来你一直在这里|345,3864|1,9858|1,4077|2840|6255|405|1311|

### 数据可视化

![弹幕数TOP10](./images/弹幕数TOP10.png)

## 分享数TOP10

### 表格数据

|类型|集数|名称|播放量|点赞数|投币数|收藏数|弹幕数|分享数|评论数|
| :--: | :--: | :-------------: | --------: | :----: | -----: | -----: | -----: | -----: | -----: |
|正片|1|如果人生能重来|1794,5028|8,6159|3,5969|5,5416|4,1949|7108|4433|
|正片|16|大道朝天，各走一边|430,0345|3,9691|3,6256|7417|1,0755|934|3487|
|正片|2|偏向故山行|487,2372|2,8729|1,6406|4845|2,1163|767|882|
|正片|10|阴三是一个好名字|474,9243|2,4830|1,4611|4459|6468|647|1504|
|正片|5|隔着漫天血花相对|396,3341|2,0531|1,4461|3468|7744|508|1103|
|正片|4|剑归青山|444,6540|2,3159|1,4395|3839|7490|465|875|
|正片|3|公子只是怕麻烦|401,2763|2,2879|1,3722|3720|7348|446|800|
|正片|9|原来你一直在这里|345,3864|1,9858|1,4077|2840|6255|405|1311|
|正片|7|少年你意欲何为|354,6364|2,2320|1,5990|3219|7655|390|933|
|正片|6|人是我杀的|369,9521|2,3404|1,6102|3709|5938|372|766|

### 数据可视化

![分享数TOP10](./images/分享数TOP10.png)

## 评论数TOP10

### 表格数据

|类型|集数|名称|播放量|点赞数|投币数|收藏数|弹幕数|分享数|评论数|
| :--: | :--: | :-------------: | --------: | :----: | -----: | -----: | -----: | -----: | -----: |
|正片|1|如果人生能重来|1794,5028|8,6159|3,5969|5,5416|4,1949|7108|4433|
|正片|16|大道朝天，各走一边|430,0345|3,9691|3,6256|7417|1,0755|934|3487|
|正片|10|阴三是一个好名字|474,9243|2,4830|1,4611|4459|6468|647|1504|
|正片|9|原来你一直在这里|345,3864|1,9858|1,4077|2840|6255|405|1311|
|正片|5|隔着漫天血花相对|396,3341|2,0531|1,4461|3468|7744|508|1103|
|正片|8|我也是这么想的|336,1463|1,8968|1,2831|2723|6006|334|1011|
|正片|7|少年你意欲何为|354,6364|2,2320|1,5990|3219|7655|390|933|
|正片|11|养不熟的刘阿大|399,7157|1,9988|1,3134|3010|8766|370|901|
|正片|2|偏向故山行|487,2372|2,8729|1,6406|4845|2,1163|767|882|
|正片|4|剑归青山|444,6540|2,3159|1,4395|3839|7490|465|875|

### 数据可视化

![评论数TOP10](./images/评论数TOP10.png)

