## B站《大道朝天》动漫总数据统计(更新时间：2025-11-29 00:29:31)

### 表格数据

|类型|集数|名称|播放量|点赞数|投币数|收藏数|弹幕数|分享数|评论数|
| :--: | :--: | :-------------: | --------: | :----: | -----: | -----: | -----: | -----: | -----: |
|正片|1|如果人生能重来|1792,5077|8,6028|3,5927|5,5290|4,1929|7102|4433|
|正片|2|偏向故山行|486,7217|2,8700|1,6385|4840|2,1148|763|881|
|正片|3|公子只是怕麻烦|400,8862|2,2862|1,3715|3721|7346|446|800|
|正片|4|剑归青山|444,2645|2,3146|1,4383|3838|7483|465|875|
|正片|5|隔着漫天血花相对|395,9522|2,0509|1,4447|3465|7741|508|1102|
|正片|6|人是我杀的|369,5834|2,3386|1,6088|3708|5935|372|766|
|正片|7|少年你意欲何为|354,2713|2,2302|1,5982|3219|7647|389|933|
|正片|8|我也是这么想的|335,7839|1,8955|1,2830|2721|6003|334|1011|
|正片|9|原来你一直在这里|345,0247|1,9844|1,4069|2839|6249|404|1310|
|正片|10|阴三是一个好名字|474,5301|2,4811|1,4599|4454|6459|647|1504|
|正片|11|养不熟的刘阿大|399,3139|1,9973|1,3130|3008|8754|370|901|
|正片|12|千百年来皆如此|339,7169|1,8863|1,2317|2849|4486|320|850|
|正片|13|你们想死吗？|334,6774|1,7909|1,1445|2706|3893|263|666|
|正片|14|两个大魔头|321,2883|1,7603|1,1947|2450|4396|243|843|
|正片|15|我能想到最简单的事|321,1616|1,8480|1,2533|2976|4637|238|753|
|正片|16|大道朝天，各走一边|429,2491|3,9601|3,6169|7391|1,0741|934|3482|
|预告|发布会PV|满级大佬重生回到新手村|72,0868|2584|875|376|39|102|153|
|预告|火锅公路修仙动画|猫腻脑洞最大小说改编-《大道朝天》|316,3577|7683|3368|1520|1142|216|678|
|预告|终极PV|今日12:00开播|52,3460|1798|692|440|15|134|112|
|预告|ED《江畔夜游》正式发布！||22,3261|1007|220|152|16|55|70|
|预告|OP《大道朝天》正式发布！||27,0318|1677|298|330|91|92|184|
|预告|大道朝天角色PV——井九||18,4891|1096|160|205|63|125|138|
|预告|大道朝天角色PV——阴三||13,7660|766|76|73|24|23|83|
|预告|大道朝天角色PV——赵腊月||13,6196|828|121|75|26|28|137|
|预告|大道朝天角色PV——白鬼||12,4370|908|98|77|44|44|97|
|预告|大道朝天角色PV——柳十岁||12,4640|891|110|80|24|33|110|
|预告|大道朝天定档10月10日！||25,8831|2316|329|494|103|293|544|
|预告|PV2|大道朝天，各走一边。|28,9889|2532|345|623|190|309|503|
|预告|概念PV|踏上重回巅峰之路|27,4354|2489|268|323|79|205|441|
|预告|第1集预告||29,5663|743|80|48|12|17|36|
|预告|第2集预告||32,1414|768|221|143|10|15|17|
|预告|第3集预告||29,4089|778|160|113|2|17|13|
|预告|第4集预告||64,9337|2523|1176|372|28|52|239|
|预告|第5集预告||107,5534|3158|1412|553|29|77|198|
|预告|第6集预告||102,2490|3818|2146|725|35|81|287|
|预告|第7集预告||86,8502|2874|1234|339|38|37|200|
|预告|第8集预告||98,7499|3422|1707|526|85|46|339|
|预告|第9集预告||98,8691|3909|1804|612|43|62|321|
|预告|第10集预告||98,3844|4211|2187|591|65|48|361|
|预告|第11集预告||76,7979|3030|1304|374|29|27|197|
|预告|第12集预告||80,6700|2729|1028|243|35|39|120|
|预告|第13集预告||70,7567|2733|1169|319|33|28|126|
|预告|第14集预告||74,9647|3049|1181|309|32|44|123|
|预告|第15集预告||71,3765|2854|1065|307|40|31|162|
|预告|第16集预告||65,1338|3323|1439|310|39|23|176|
|特别花絮|鲛人起舞，来看！||3,7138|355|45|84|2|5|14|
|特别花絮|大道朝天，各走一边，|你走你的，别来烦我|1,7355|198|29|27|0|7|6|
|特别花絮|你已有取死之道！||7,9110|1516|70|102|5|13|54|
|特别花絮|你的伪装，毫无用处||9,3462|123|50|34|0|4|6|
|特别花絮|路见不平，只需一剑||12,9487|168|62|32|4|8|10|
|特别花絮|你们想死吗？||11,2856|145|61|24|4|2|4|
|特别花絮|井九训猫反被挠||19,4722|157|59|26|3|7|10|
|特别花絮|吃火锅=修仙？||16,7395|167|69|32|8|30|9|
|特别花絮|井九"携"腊月成功登顶神末峰||21,6934|332|126|82|1|12|19|
|特别花絮|井九开导腊月，神末传承再现||10,3572|190|56|24|1|7|2|
|特别花絮|我要为神末峰再续传承||19,7781|220|88|49|0|7|19|
|特别花絮|腊月前方开路，井九后头乘凉||10,4013|114|42|27|1|4|5|
|特别花絮|井九出手，技惊四座||29,0797|609|161|142|18|17|26|
|特别花絮|用最平淡的语气说最装的话||23,3278|789|105|95|13|18|45|
|特别花絮|寻仇？最开始有过几次|后来就没人敢了|10,4026|88|30|23|4|3|4|
|特别花絮|元骑鲸出手，压迫感拉满||17,7504|378|63|42|3|13|17|
|特别花絮|这一天，他与她隔着漫天血花相对||16,7948|394|67|45|3|9|21|
|特别花絮|我想说的是，你就不该离我这么近！||12,9321|159|49|31|2|5|18|
|特别花絮|你的剑不错，我取了||13,9707|165|57|47|11|7|12|
|特别花絮|我两忘峰弟子，不可以是一个仆人||11,8988|104|43|31|7|6|10|
|特别花絮|你们打你们的，我飞升我的||10,6064|98|44|28|2|7|7|
|特别花絮|这样大气的仙师请给我来十位！||11,2127|104|45|28|1|3|1|
|特别花絮|天生道种居然与人为仆！||8,8669|52|26|12|0|1|1|
|特别花絮|这一天，他感受到了来自学神的碾压||14,4754|155|56|27|1|2|9|
|特别花絮|此去经年自然忘却，不忘反不美||10,1633|84|35|17|0|4|1|
|特别花絮|PV|如果人生可以重来，我大概还是这样！|14,6343|222|57|61|3|30|77|
|汇总|||播放量|点赞数|投币数|收藏数|弹幕数|分享数|评论数|
|汇总| | |9728,0687|50,0555|29,3834|12,1299|15,7355|1,6332|1,6332|


## 播放量TOP10

### 表格数据

|类型|集数|名称|播放量|点赞数|投币数|收藏数|弹幕数|分享数|评论数|
| :--: | :--: | :-------------: | --------: | :----: | -----: | -----: | -----: | -----: | -----: |
|正片|1|如果人生能重来|1792,5077|8,6028|3,5927|5,5290|4,1929|7102|4433|
|正片|2|偏向故山行|486,7217|2,8700|1,6385|4840|2,1148|763|881|
|正片|10|阴三是一个好名字|474,5301|2,4811|1,4599|4454|6459|647|1504|
|正片|4|剑归青山|444,2645|2,3146|1,4383|3838|7483|465|875|
|正片|16|大道朝天，各走一边|429,2491|3,9601|3,6169|7391|1,0741|934|3482|
|正片|3|公子只是怕麻烦|400,8862|2,2862|1,3715|3721|7346|446|800|
|正片|11|养不熟的刘阿大|399,3139|1,9973|1,3130|3008|8754|370|901|
|正片|5|隔着漫天血花相对|395,9522|2,0509|1,4447|3465|7741|508|1102|
|正片|6|人是我杀的|369,5834|2,3386|1,6088|3708|5935|372|766|
|正片|7|少年你意欲何为|354,2713|2,2302|1,5982|3219|7647|389|933|

### 数据可视化

![播放量TOP10](./images/播放量TOP10.png)

## 点赞数TOP10

### 表格数据

|类型|集数|名称|播放量|点赞数|投币数|收藏数|弹幕数|分享数|评论数|
| :--: | :--: | :-------------: | --------: | :----: | -----: | -----: | -----: | -----: | -----: |
|正片|1|如果人生能重来|1792,5077|8,6028|3,5927|5,5290|4,1929|7102|4433|
|正片|16|大道朝天，各走一边|429,2491|3,9601|3,6169|7391|1,0741|934|3482|
|正片|2|偏向故山行|486,7217|2,8700|1,6385|4840|2,1148|763|881|
|正片|10|阴三是一个好名字|474,5301|2,4811|1,4599|4454|6459|647|1504|
|正片|6|人是我杀的|369,5834|2,3386|1,6088|3708|5935|372|766|
|正片|4|剑归青山|444,2645|2,3146|1,4383|3838|7483|465|875|
|正片|3|公子只是怕麻烦|400,8862|2,2862|1,3715|3721|7346|446|800|
|正片|7|少年你意欲何为|354,2713|2,2302|1,5982|3219|7647|389|933|
|正片|5|隔着漫天血花相对|395,9522|2,0509|1,4447|3465|7741|508|1102|
|正片|11|养不熟的刘阿大|399,3139|1,9973|1,3130|3008|8754|370|901|

### 数据可视化

![点赞数TOP10](./images/点赞数TOP10.png)

## 投币数TOP10

### 表格数据

|类型|集数|名称|播放量|点赞数|投币数|收藏数|弹幕数|分享数|评论数|
| :--: | :--: | :-------------: | --------: | :----: | -----: | -----: | -----: | -----: | -----: |
|正片|16|大道朝天，各走一边|429,2491|3,9601|3,6169|7391|1,0741|934|3482|
|正片|1|如果人生能重来|1792,5077|8,6028|3,5927|5,5290|4,1929|7102|4433|
|正片|2|偏向故山行|486,7217|2,8700|1,6385|4840|2,1148|763|881|
|正片|6|人是我杀的|369,5834|2,3386|1,6088|3708|5935|372|766|
|正片|7|少年你意欲何为|354,2713|2,2302|1,5982|3219|7647|389|933|
|正片|10|阴三是一个好名字|474,5301|2,4811|1,4599|4454|6459|647|1504|
|正片|5|隔着漫天血花相对|395,9522|2,0509|1,4447|3465|7741|508|1102|
|正片|4|剑归青山|444,2645|2,3146|1,4383|3838|7483|465|875|
|正片|9|原来你一直在这里|345,0247|1,9844|1,4069|2839|6249|404|1310|
|正片|3|公子只是怕麻烦|400,8862|2,2862|1,3715|3721|7346|446|800|

### 数据可视化

![投币数TOP10](./images/投币数TOP10.png)

## 收藏数TOP10

### 表格数据

|类型|集数|名称|播放量|点赞数|投币数|收藏数|弹幕数|分享数|评论数|
| :--: | :--: | :-------------: | --------: | :----: | -----: | -----: | -----: | -----: | -----: |
|正片|1|如果人生能重来|1792,5077|8,6028|3,5927|5,5290|4,1929|7102|4433|
|正片|16|大道朝天，各走一边|429,2491|3,9601|3,6169|7391|1,0741|934|3482|
|正片|2|偏向故山行|486,7217|2,8700|1,6385|4840|2,1148|763|881|
|正片|10|阴三是一个好名字|474,5301|2,4811|1,4599|4454|6459|647|1504|
|正片|4|剑归青山|444,2645|2,3146|1,4383|3838|7483|465|875|
|正片|3|公子只是怕麻烦|400,8862|2,2862|1,3715|3721|7346|446|800|
|正片|6|人是我杀的|369,5834|2,3386|1,6088|3708|5935|372|766|
|正片|5|隔着漫天血花相对|395,9522|2,0509|1,4447|3465|7741|508|1102|
|正片|7|少年你意欲何为|354,2713|2,2302|1,5982|3219|7647|389|933|
|正片|11|养不熟的刘阿大|399,3139|1,9973|1,3130|3008|8754|370|901|

### 数据可视化

![收藏数TOP10](./images/收藏数TOP10.png)

## 弹幕数TOP10

### 表格数据

|类型|集数|名称|播放量|点赞数|投币数|收藏数|弹幕数|分享数|评论数|
| :--: | :--: | :-------------: | --------: | :----: | -----: | -----: | -----: | -----: | -----: |
|正片|1|如果人生能重来|1792,5077|8,6028|3,5927|5,5290|4,1929|7102|4433|
|正片|2|偏向故山行|486,7217|2,8700|1,6385|4840|2,1148|763|881|
|正片|16|大道朝天，各走一边|429,2491|3,9601|3,6169|7391|1,0741|934|3482|
|正片|11|养不熟的刘阿大|399,3139|1,9973|1,3130|3008|8754|370|901|
|正片|5|隔着漫天血花相对|395,9522|2,0509|1,4447|3465|7741|508|1102|
|正片|7|少年你意欲何为|354,2713|2,2302|1,5982|3219|7647|389|933|
|正片|4|剑归青山|444,2645|2,3146|1,4383|3838|7483|465|875|
|正片|3|公子只是怕麻烦|400,8862|2,2862|1,3715|3721|7346|446|800|
|正片|10|阴三是一个好名字|474,5301|2,4811|1,4599|4454|6459|647|1504|
|正片|9|原来你一直在这里|345,0247|1,9844|1,4069|2839|6249|404|1310|

### 数据可视化

![弹幕数TOP10](./images/弹幕数TOP10.png)

## 分享数TOP10

### 表格数据

|类型|集数|名称|播放量|点赞数|投币数|收藏数|弹幕数|分享数|评论数|
| :--: | :--: | :-------------: | --------: | :----: | -----: | -----: | -----: | -----: | -----: |
|正片|1|如果人生能重来|1792,5077|8,6028|3,5927|5,5290|4,1929|7102|4433|
|正片|16|大道朝天，各走一边|429,2491|3,9601|3,6169|7391|1,0741|934|3482|
|正片|2|偏向故山行|486,7217|2,8700|1,6385|4840|2,1148|763|881|
|正片|10|阴三是一个好名字|474,5301|2,4811|1,4599|4454|6459|647|1504|
|正片|5|隔着漫天血花相对|395,9522|2,0509|1,4447|3465|7741|508|1102|
|正片|4|剑归青山|444,2645|2,3146|1,4383|3838|7483|465|875|
|正片|3|公子只是怕麻烦|400,8862|2,2862|1,3715|3721|7346|446|800|
|正片|9|原来你一直在这里|345,0247|1,9844|1,4069|2839|6249|404|1310|
|正片|7|少年你意欲何为|354,2713|2,2302|1,5982|3219|7647|389|933|
|正片|6|人是我杀的|369,5834|2,3386|1,6088|3708|5935|372|766|

### 数据可视化

![分享数TOP10](./images/分享数TOP10.png)

## 评论数TOP10

### 表格数据

|类型|集数|名称|播放量|点赞数|投币数|收藏数|弹幕数|分享数|评论数|
| :--: | :--: | :-------------: | --------: | :----: | -----: | -----: | -----: | -----: | -----: |
|正片|1|如果人生能重来|1792,5077|8,6028|3,5927|5,5290|4,1929|7102|4433|
|正片|16|大道朝天，各走一边|429,2491|3,9601|3,6169|7391|1,0741|934|3482|
|正片|10|阴三是一个好名字|474,5301|2,4811|1,4599|4454|6459|647|1504|
|正片|9|原来你一直在这里|345,0247|1,9844|1,4069|2839|6249|404|1310|
|正片|5|隔着漫天血花相对|395,9522|2,0509|1,4447|3465|7741|508|1102|
|正片|8|我也是这么想的|335,7839|1,8955|1,2830|2721|6003|334|1011|
|正片|7|少年你意欲何为|354,2713|2,2302|1,5982|3219|7647|389|933|
|正片|11|养不熟的刘阿大|399,3139|1,9973|1,3130|3008|8754|370|901|
|正片|2|偏向故山行|486,7217|2,8700|1,6385|4840|2,1148|763|881|
|正片|4|剑归青山|444,2645|2,3146|1,4383|3838|7483|465|875|

### 数据可视化

![评论数TOP10](./images/评论数TOP10.png)

