## B站《大道朝天》动漫总数据统计(更新时间：2025-12-09 00:32:43)

### 表格数据

|类型|集数|名称|播放量|点赞数|投币数|收藏数|弹幕数|分享数|评论数|
| :--: | :--: | :-------------: | --------: | :----: | -----: | -----: | -----: | -----: | -----: |
|正片|1|如果人生能重来|1805,9763|8,6736|3,6170|5,5777|4,2065|7140|4463|
|正片|2|偏向故山行|490,6164|2,8858|1,6480|4874|2,1256|770|884|
|正片|3|公子只是怕麻烦|403,6257|2,2977|1,3783|3741|7379|448|803|
|正片|4|剑归青山|446,8985|2,3243|1,4455|3857|7517|467|878|
|正片|5|隔着漫天血花相对|398,6268|2,0627|1,4514|3473|7783|510|1105|
|正片|6|人是我杀的|372,1268|2,3488|1,6154|3716|5968|372|767|
|正片|7|少年你意欲何为|356,7523|2,2428|1,6067|3228|7688|392|933|
|正片|8|我也是这么想的|338,2752|1,9059|1,2886|2729|6034|336|1014|
|正片|9|原来你一直在这里|347,5576|1,9944|1,4135|2847|6288|408|1311|
|正片|10|阴三是一个好名字|477,2791|2,4929|1,4689|4476|6499|652|1506|
|正片|11|养不熟的刘阿大|402,0698|2,0097|1,3201|3020|8807|372|906|
|正片|12|千百年来皆如此|342,9834|1,9061|1,2412|2878|4518|323|856|
|正片|13|你们想死吗？|337,4579|1,8020|1,1510|2714|3917|264|667|
|正片|14|两个大魔头|324,0152|1,7720|1,2034|2459|4423|247|845|
|正片|15|我能想到最简单的事|324,2994|1,8625|1,2606|3008|4677|241|756|
|正片|16|大道朝天，各走一边|434,5282|4,0129|3,6684|7519|1,0870|946|3519|
|预告|发布会PV|满级大佬重生回到新手村|72,1792|2586|875|378|39|102|153|
|预告|火锅公路修仙动画|猫腻脑洞最大小说改编-《大道朝天》|316,4917|7685|3368|1521|1142|216|678|
|预告|终极PV|今日12:00开播|52,3967|1800|692|439|15|134|112|
|预告|ED《江畔夜游》正式发布！||22,4024|1014|220|156|16|55|70|
|预告|OP《大道朝天》正式发布！||27,2257|1689|300|341|91|94|185|
|预告|大道朝天角色PV——井九||18,5115|1096|160|206|63|126|138|
|预告|大道朝天角色PV——阴三||13,7848|766|76|73|24|23|83|
|预告|大道朝天角色PV——赵腊月||13,6355|828|121|74|26|28|137|
|预告|大道朝天角色PV——白鬼||12,4475|908|98|76|44|44|97|
|预告|大道朝天角色PV——柳十岁||12,4739|891|110|80|24|33|110|
|预告|大道朝天定档10月10日！||25,8945|2316|329|494|103|293|544|
|预告|PV2|大道朝天，各走一边。|29,0030|2532|345|623|190|309|503|
|预告|概念PV|踏上重回巅峰之路|27,4480|2490|268|323|79|205|441|
|预告|第1集预告||29,5835|743|80|48|12|17|36|
|预告|第2集预告||32,6759|775|223|141|10|16|17|
|预告|第3集预告||29,7621|781|162|113|2|17|13|
|预告|第4集预告||65,2221|2524|1176|372|28|52|239|
|预告|第5集预告||107,8282|3159|1414|554|29|77|198|
|预告|第6集预告||102,5118|3819|2148|723|35|81|287|
|预告|第7集预告||87,1032|2875|1236|340|38|37|200|
|预告|第8集预告||98,9995|3423|1707|525|85|46|339|
|预告|第9集预告||99,1145|3909|1804|612|43|62|321|
|预告|第10集预告||98,6301|4210|2187|591|65|48|361|
|预告|第11集预告||77,0515|3030|1304|374|29|27|197|
|预告|第12集预告||80,9253|2730|1028|242|35|39|121|
|预告|第13集预告||70,9993|2733|1169|319|33|28|126|
|预告|第14集预告||75,1999|3049|1181|309|32|45|123|
|预告|第15集预告||71,6127|2854|1065|307|40|31|162|
|预告|第16集预告||65,4174|3324|1439|311|39|23|176|
|特别花絮|鲛人起舞，来看！||3,7463|355|45|85|2|5|14|
|特别花絮|大道朝天，各走一边，|你走你的，别来烦我|1,7539|198|29|27|0|7|6|
|特别花絮|你已有取死之道！||7,9926|1526|73|102|5|13|54|
|特别花絮|你的伪装，毫无用处||9,3631|124|50|34|0|4|6|
|特别花絮|路见不平，只需一剑||12,9697|168|62|32|4|8|10|
|特别花絮|你们想死吗？||11,2981|145|61|24|4|2|4|
|特别花絮|井九训猫反被挠||19,4823|157|59|27|3|7|10|
|特别花絮|吃火锅=修仙？||16,7482|167|69|32|8|30|9|
|特别花絮|井九"携"腊月成功登顶神末峰||21,7379|334|126|82|1|12|19|
|特别花絮|井九开导腊月，神末传承再现||10,3729|189|56|24|1|7|2|
|特别花絮|我要为神末峰再续传承||19,7887|220|88|49|0|7|19|
|特别花絮|腊月前方开路，井九后头乘凉||10,4107|114|42|27|1|4|5|
|特别花絮|井九出手，技惊四座||29,1070|609|161|143|18|18|26|
|特别花絮|用最平淡的语气说最装的话||23,3549|789|105|97|13|18|46|
|特别花絮|寻仇？最开始有过几次|后来就没人敢了|10,4107|88|30|23|4|3|4|
|特别花絮|元骑鲸出手，压迫感拉满||17,7790|378|63|42|3|13|17|
|特别花絮|这一天，他与她隔着漫天血花相对||16,8105|395|67|45|3|9|21|
|特别花絮|我想说的是，你就不该离我这么近！||12,9420|159|49|31|2|5|18|
|特别花絮|你的剑不错，我取了||13,9777|165|57|47|11|7|12|
|特别花絮|我两忘峰弟子，不可以是一个仆人||11,9076|104|43|31|7|6|10|
|特别花絮|你们打你们的，我飞升我的||10,6127|98|44|28|2|7|7|
|特别花絮|这样大气的仙师请给我来十位！||11,2201|104|45|28|1|3|1|
|特别花絮|天生道种居然与人为仆！||8,8744|52|26|12|0|1|1|
|特别花絮|这一天，他感受到了来自学神的碾压||14,4836|155|56|27|1|2|9|
|特别花絮|此去经年自然忘却，不忘反不美||10,1777|84|35|17|0|4|1|
|特别花絮|PV|如果人生可以重来，我大概还是这样！|14,6502|222|57|61|3|30|77|
|汇总|||播放量|点赞数|投币数|收藏数|弹幕数|分享数|评论数|
|汇总| | |9791,5925|50,3579|29,5663|12,2158|15,8197|1,6428|1,6428|


## 播放量TOP10

### 表格数据

|类型|集数|名称|播放量|点赞数|投币数|收藏数|弹幕数|分享数|评论数|
| :--: | :--: | :-------------: | --------: | :----: | -----: | -----: | -----: | -----: | -----: |
|正片|1|如果人生能重来|1805,9763|8,6736|3,6170|5,5777|4,2065|7140|4463|
|正片|2|偏向故山行|490,6164|2,8858|1,6480|4874|2,1256|770|884|
|正片|10|阴三是一个好名字|477,2791|2,4929|1,4689|4476|6499|652|1506|
|正片|4|剑归青山|446,8985|2,3243|1,4455|3857|7517|467|878|
|正片|16|大道朝天，各走一边|434,5282|4,0129|3,6684|7519|1,0870|946|3519|
|正片|3|公子只是怕麻烦|403,6257|2,2977|1,3783|3741|7379|448|803|
|正片|11|养不熟的刘阿大|402,0698|2,0097|1,3201|3020|8807|372|906|
|正片|5|隔着漫天血花相对|398,6268|2,0627|1,4514|3473|7783|510|1105|
|正片|6|人是我杀的|372,1268|2,3488|1,6154|3716|5968|372|767|
|正片|7|少年你意欲何为|356,7523|2,2428|1,6067|3228|7688|392|933|

### 数据可视化

![播放量TOP10](./images/播放量TOP10.png)

## 点赞数TOP10

### 表格数据

|类型|集数|名称|播放量|点赞数|投币数|收藏数|弹幕数|分享数|评论数|
| :--: | :--: | :-------------: | --------: | :----: | -----: | -----: | -----: | -----: | -----: |
|正片|1|如果人生能重来|1805,9763|8,6736|3,6170|5,5777|4,2065|7140|4463|
|正片|16|大道朝天，各走一边|434,5282|4,0129|3,6684|7519|1,0870|946|3519|
|正片|2|偏向故山行|490,6164|2,8858|1,6480|4874|2,1256|770|884|
|正片|10|阴三是一个好名字|477,2791|2,4929|1,4689|4476|6499|652|1506|
|正片|6|人是我杀的|372,1268|2,3488|1,6154|3716|5968|372|767|
|正片|4|剑归青山|446,8985|2,3243|1,4455|3857|7517|467|878|
|正片|3|公子只是怕麻烦|403,6257|2,2977|1,3783|3741|7379|448|803|
|正片|7|少年你意欲何为|356,7523|2,2428|1,6067|3228|7688|392|933|
|正片|5|隔着漫天血花相对|398,6268|2,0627|1,4514|3473|7783|510|1105|
|正片|11|养不熟的刘阿大|402,0698|2,0097|1,3201|3020|8807|372|906|

### 数据可视化

![点赞数TOP10](./images/点赞数TOP10.png)

## 投币数TOP10

### 表格数据

|类型|集数|名称|播放量|点赞数|投币数|收藏数|弹幕数|分享数|评论数|
| :--: | :--: | :-------------: | --------: | :----: | -----: | -----: | -----: | -----: | -----: |
|正片|16|大道朝天，各走一边|434,5282|4,0129|3,6684|7519|1,0870|946|3519|
|正片|1|如果人生能重来|1805,9763|8,6736|3,6170|5,5777|4,2065|7140|4463|
|正片|2|偏向故山行|490,6164|2,8858|1,6480|4874|2,1256|770|884|
|正片|6|人是我杀的|372,1268|2,3488|1,6154|3716|5968|372|767|
|正片|7|少年你意欲何为|356,7523|2,2428|1,6067|3228|7688|392|933|
|正片|10|阴三是一个好名字|477,2791|2,4929|1,4689|4476|6499|652|1506|
|正片|5|隔着漫天血花相对|398,6268|2,0627|1,4514|3473|7783|510|1105|
|正片|4|剑归青山|446,8985|2,3243|1,4455|3857|7517|467|878|
|正片|9|原来你一直在这里|347,5576|1,9944|1,4135|2847|6288|408|1311|
|正片|3|公子只是怕麻烦|403,6257|2,2977|1,3783|3741|7379|448|803|

### 数据可视化

![投币数TOP10](./images/投币数TOP10.png)

## 收藏数TOP10

### 表格数据

|类型|集数|名称|播放量|点赞数|投币数|收藏数|弹幕数|分享数|评论数|
| :--: | :--: | :-------------: | --------: | :----: | -----: | -----: | -----: | -----: | -----: |
|正片|1|如果人生能重来|1805,9763|8,6736|3,6170|5,5777|4,2065|7140|4463|
|正片|16|大道朝天，各走一边|434,5282|4,0129|3,6684|7519|1,0870|946|3519|
|正片|2|偏向故山行|490,6164|2,8858|1,6480|4874|2,1256|770|884|
|正片|10|阴三是一个好名字|477,2791|2,4929|1,4689|4476|6499|652|1506|
|正片|4|剑归青山|446,8985|2,3243|1,4455|3857|7517|467|878|
|正片|3|公子只是怕麻烦|403,6257|2,2977|1,3783|3741|7379|448|803|
|正片|6|人是我杀的|372,1268|2,3488|1,6154|3716|5968|372|767|
|正片|5|隔着漫天血花相对|398,6268|2,0627|1,4514|3473|7783|510|1105|
|正片|7|少年你意欲何为|356,7523|2,2428|1,6067|3228|7688|392|933|
|正片|11|养不熟的刘阿大|402,0698|2,0097|1,3201|3020|8807|372|906|

### 数据可视化

![收藏数TOP10](./images/收藏数TOP10.png)

## 弹幕数TOP10

### 表格数据

|类型|集数|名称|播放量|点赞数|投币数|收藏数|弹幕数|分享数|评论数|
| :--: | :--: | :-------------: | --------: | :----: | -----: | -----: | -----: | -----: | -----: |
|正片|1|如果人生能重来|1805,9763|8,6736|3,6170|5,5777|4,2065|7140|4463|
|正片|2|偏向故山行|490,6164|2,8858|1,6480|4874|2,1256|770|884|
|正片|16|大道朝天，各走一边|434,5282|4,0129|3,6684|7519|1,0870|946|3519|
|正片|11|养不熟的刘阿大|402,0698|2,0097|1,3201|3020|8807|372|906|
|正片|5|隔着漫天血花相对|398,6268|2,0627|1,4514|3473|7783|510|1105|
|正片|7|少年你意欲何为|356,7523|2,2428|1,6067|3228|7688|392|933|
|正片|4|剑归青山|446,8985|2,3243|1,4455|3857|7517|467|878|
|正片|3|公子只是怕麻烦|403,6257|2,2977|1,3783|3741|7379|448|803|
|正片|10|阴三是一个好名字|477,2791|2,4929|1,4689|4476|6499|652|1506|
|正片|9|原来你一直在这里|347,5576|1,9944|1,4135|2847|6288|408|1311|

### 数据可视化

![弹幕数TOP10](./images/弹幕数TOP10.png)

## 分享数TOP10

### 表格数据

|类型|集数|名称|播放量|点赞数|投币数|收藏数|弹幕数|分享数|评论数|
| :--: | :--: | :-------------: | --------: | :----: | -----: | -----: | -----: | -----: | -----: |
|正片|1|如果人生能重来|1805,9763|8,6736|3,6170|5,5777|4,2065|7140|4463|
|正片|16|大道朝天，各走一边|434,5282|4,0129|3,6684|7519|1,0870|946|3519|
|正片|2|偏向故山行|490,6164|2,8858|1,6480|4874|2,1256|770|884|
|正片|10|阴三是一个好名字|477,2791|2,4929|1,4689|4476|6499|652|1506|
|正片|5|隔着漫天血花相对|398,6268|2,0627|1,4514|3473|7783|510|1105|
|正片|4|剑归青山|446,8985|2,3243|1,4455|3857|7517|467|878|
|正片|3|公子只是怕麻烦|403,6257|2,2977|1,3783|3741|7379|448|803|
|正片|9|原来你一直在这里|347,5576|1,9944|1,4135|2847|6288|408|1311|
|正片|7|少年你意欲何为|356,7523|2,2428|1,6067|3228|7688|392|933|
|正片|11|养不熟的刘阿大|402,0698|2,0097|1,3201|3020|8807|372|906|

### 数据可视化

![分享数TOP10](./images/分享数TOP10.png)

## 评论数TOP10

### 表格数据

|类型|集数|名称|播放量|点赞数|投币数|收藏数|弹幕数|分享数|评论数|
| :--: | :--: | :-------------: | --------: | :----: | -----: | -----: | -----: | -----: | -----: |
|正片|1|如果人生能重来|1805,9763|8,6736|3,6170|5,5777|4,2065|7140|4463|
|正片|16|大道朝天，各走一边|434,5282|4,0129|3,6684|7519|1,0870|946|3519|
|正片|10|阴三是一个好名字|477,2791|2,4929|1,4689|4476|6499|652|1506|
|正片|9|原来你一直在这里|347,5576|1,9944|1,4135|2847|6288|408|1311|
|正片|5|隔着漫天血花相对|398,6268|2,0627|1,4514|3473|7783|510|1105|
|正片|8|我也是这么想的|338,2752|1,9059|1,2886|2729|6034|336|1014|
|正片|7|少年你意欲何为|356,7523|2,2428|1,6067|3228|7688|392|933|
|正片|11|养不熟的刘阿大|402,0698|2,0097|1,3201|3020|8807|372|906|
|正片|2|偏向故山行|490,6164|2,8858|1,6480|4874|2,1256|770|884|
|正片|4|剑归青山|446,8985|2,3243|1,4455|3857|7517|467|878|

### 数据可视化

![评论数TOP10](./images/评论数TOP10.png)

