## B站《大道朝天》动漫总数据统计(更新时间：2025-11-17 00:26:02)

### 表格数据

|类型|集数|名称|播放量|点赞数|投币数|收藏数|弹幕数|分享数|评论数|
| :--: | :--: | :-------------: | --------: | :----: | -----: | -----: | -----: | -----: | -----: |
|正片|1|如果人生能重来|1773,3155|8,5132|3,5606|5,4540|4,1731|7047|4411|
|正片|2|偏向故山行|479,0372|2,8490|1,6246|4795|2,0947|756|874|
|正片|3|公子只是怕麻烦|396,5378|2,2694|1,3593|3692|7303|443|795|
|正片|4|剑归青山|439,9503|2,2991|1,4268|3820|7421|462|874|
|正片|5|隔着漫天血花相对|391,6132|2,0364|1,4359|3450|7682|502|1101|
|正片|6|人是我杀的|365,4484|2,3251|1,5974|3688|5877|371|765|
|正片|7|少年你意欲何为|350,2513|2,2151|1,5856|3206|7598|387|931|
|正片|8|我也是这么想的|331,7119|1,8838|1,2747|2706|5949|333|1010|
|正片|9|原来你一直在这里|340,9278|1,9724|1,3988|2832|6210|401|1308|
|正片|10|阴三是一个好名字|470,0084|2,4637|1,4493|4441|6417|646|1501|
|正片|11|养不熟的刘阿大|394,8282|1,9803|1,3034|2993|8656|367|900|
|正片|12|千百年来皆如此|335,0020|1,8661|1,2191|2827|4462|320|849|
|正片|13|你们想死吗？|330,0894|1,7735|1,1332|2673|3860|262|666|
|正片|14|两个大魔头|316,8826|1,7439|1,1835|2426|4375|240|838|
|正片|15|我能想到最简单的事|315,7666|1,8254|1,2389|2902|4600|235|747|
|正片|16|大道朝天，各走一边|421,5018|3,8962|3,5591|7228|1,0545|908|3412|
|预告|发布会PV|满级大佬重生回到新手村|71,9482|2572|867|375|39|100|153|
|预告|火锅公路修仙动画|猫腻脑洞最大小说改编-《大道朝天》|316,1663|7679|3366|1522|1141|216|677|
|预告|终极PV|今日12:00开播|52,2656|1794|690|440|15|133|111|
|预告|ED《江畔夜游》正式发布！||22,2342|999|217|146|16|55|69|
|预告|OP《大道朝天》正式发布！||26,7791|1658|284|321|91|91|179|
|预告|大道朝天角色PV——井九||18,4557|1094|160|205|63|125|138|
|预告|大道朝天角色PV——阴三||13,7417|765|74|72|24|23|83|
|预告|大道朝天角色PV——赵腊月||13,5988|827|120|75|26|28|136|
|预告|大道朝天角色PV——白鬼||12,4213|908|98|77|43|44|97|
|预告|大道朝天角色PV——柳十岁||12,4491|891|110|80|24|33|110|
|预告|大道朝天定档10月10日！||25,8627|2315|329|495|103|293|544|
|预告|PV2|大道朝天，各走一边。|28,9665|2532|345|626|190|309|503|
|预告|概念PV|踏上重回巅峰之路|27,4057|2488|268|322|79|205|441|
|预告|第1集预告||29,4192|742|80|48|12|17|36|
|预告|第2集预告||31,3038|761|215|139|10|14|17|
|预告|第3集预告||28,9073|771|154|113|2|16|13|
|预告|第4集预告||64,5447|2521|1172|372|28|52|239|
|预告|第5集预告||107,1930|3156|1412|552|29|77|198|
|预告|第6集预告||101,9085|3814|2146|724|35|81|287|
|预告|第7集预告||86,5274|2872|1234|340|38|37|199|
|预告|第8集预告||98,4293|3420|1707|528|85|46|339|
|预告|第9集预告||98,5551|3906|1804|612|43|62|321|
|预告|第10集预告||98,0686|4207|2187|591|65|48|361|
|预告|第11集预告||76,4747|3025|1302|374|29|27|197|
|预告|第12集预告||80,3439|2726|1028|243|35|39|120|
|预告|第13集预告||70,4461|2729|1169|319|33|28|126|
|预告|第14集预告||74,6614|3046|1181|309|32|44|123|
|预告|第15集预告||71,0739|2850|1065|308|40|31|162|
|预告|第16集预告||64,7353|3320|1438|310|38|23|174|
|特别花絮|鲛人起舞，来看！||3,6716|352|43|81|2|5|14|
|特别花絮|大道朝天，各走一边，|你走你的，别来烦我|1,7040|198|29|27|0|7|6|
|特别花絮|你已有取死之道！||7,8107|1513|70|102|5|13|54|
|特别花絮|你的伪装，毫无用处||9,3200|122|50|34|0|4|6|
|特别花絮|路见不平，只需一剑||12,9251|165|62|31|4|8|10|
|特别花絮|你们想死吗？||11,2717|144|61|24|4|2|4|
|特别花絮|井九训猫反被挠||19,4574|155|59|26|3|7|10|
|特别花絮|吃火锅=修仙？||16,7268|167|69|32|8|30|9|
|特别花絮|井九"携"腊月成功登顶神末峰||21,6539|329|124|82|1|12|19|
|特别花絮|井九开导腊月，神末传承再现||10,3421|189|56|24|1|7|2|
|特别花絮|我要为神末峰再续传承||19,7663|220|88|49|0|7|19|
|特别花絮|腊月前方开路，井九后头乘凉||10,3906|114|42|27|1|4|5|
|特别花絮|井九出手，技惊四座||29,0461|608|161|140|18|17|26|
|特别花絮|用最平淡的语气说最装的话||23,2862|783|105|95|12|18|44|
|特别花絮|寻仇？最开始有过几次|后来就没人敢了|10,3924|87|30|23|4|3|4|
|特别花絮|元骑鲸出手，压迫感拉满||17,7235|378|63|42|3|13|17|
|特别花絮|这一天，他与她隔着漫天血花相对||16,7808|394|67|45|3|9|21|
|特别花絮|我想说的是，你就不该离我这么近！||12,9208|159|49|31|2|5|18|
|特别花絮|你的剑不错，我取了||13,9601|164|57|47|11|7|12|
|特别花絮|我两忘峰弟子，不可以是一个仆人||11,8853|104|43|31|7|6|10|
|特别花絮|你们打你们的，我飞升我的||10,5966|98|44|28|2|7|7|
|特别花絮|这样大气的仙师请给我来十位！||11,2032|103|45|28|1|3|1|
|特别花絮|天生道种居然与人为仆！||8,8571|51|26|12|0|1|1|
|特别花絮|这一天，他感受到了来自学神的碾压||14,4660|154|56|27|1|2|9|
|特别花絮|此去经年自然忘却，不忘反不美||10,1457|83|35|16|0|4|1|
|特别花絮|PV|如果人生可以重来，我大概还是这样！|14,6142|222|57|61|3|30|77|
|汇总|||播放量|点赞数|投币数|收藏数|弹幕数|分享数|评论数|
|汇总| | |9628,6777|49,6570|29,1315|12,0022|15,6137|1,6208|1,6208|


## 播放量TOP10

### 表格数据

|类型|集数|名称|播放量|点赞数|投币数|收藏数|弹幕数|分享数|评论数|
| :--: | :--: | :-------------: | --------: | :----: | -----: | -----: | -----: | -----: | -----: |
|正片|1|如果人生能重来|1773,3155|8,5132|3,5606|5,4540|4,1731|7047|4411|
|正片|2|偏向故山行|479,0372|2,8490|1,6246|4795|2,0947|756|874|
|正片|10|阴三是一个好名字|470,0084|2,4637|1,4493|4441|6417|646|1501|
|正片|4|剑归青山|439,9503|2,2991|1,4268|3820|7421|462|874|
|正片|16|大道朝天，各走一边|421,5018|3,8962|3,5591|7228|1,0545|908|3412|
|正片|3|公子只是怕麻烦|396,5378|2,2694|1,3593|3692|7303|443|795|
|正片|11|养不熟的刘阿大|394,8282|1,9803|1,3034|2993|8656|367|900|
|正片|5|隔着漫天血花相对|391,6132|2,0364|1,4359|3450|7682|502|1101|
|正片|6|人是我杀的|365,4484|2,3251|1,5974|3688|5877|371|765|
|正片|7|少年你意欲何为|350,2513|2,2151|1,5856|3206|7598|387|931|

### 数据可视化

![播放量TOP10](./images/播放量TOP10.png)

## 点赞数TOP10

### 表格数据

|类型|集数|名称|播放量|点赞数|投币数|收藏数|弹幕数|分享数|评论数|
| :--: | :--: | :-------------: | --------: | :----: | -----: | -----: | -----: | -----: | -----: |
|正片|1|如果人生能重来|1773,3155|8,5132|3,5606|5,4540|4,1731|7047|4411|
|正片|16|大道朝天，各走一边|421,5018|3,8962|3,5591|7228|1,0545|908|3412|
|正片|2|偏向故山行|479,0372|2,8490|1,6246|4795|2,0947|756|874|
|正片|10|阴三是一个好名字|470,0084|2,4637|1,4493|4441|6417|646|1501|
|正片|6|人是我杀的|365,4484|2,3251|1,5974|3688|5877|371|765|
|正片|4|剑归青山|439,9503|2,2991|1,4268|3820|7421|462|874|
|正片|3|公子只是怕麻烦|396,5378|2,2694|1,3593|3692|7303|443|795|
|正片|7|少年你意欲何为|350,2513|2,2151|1,5856|3206|7598|387|931|
|正片|5|隔着漫天血花相对|391,6132|2,0364|1,4359|3450|7682|502|1101|
|正片|11|养不熟的刘阿大|394,8282|1,9803|1,3034|2993|8656|367|900|

### 数据可视化

![点赞数TOP10](./images/点赞数TOP10.png)

## 投币数TOP10

### 表格数据

|类型|集数|名称|播放量|点赞数|投币数|收藏数|弹幕数|分享数|评论数|
| :--: | :--: | :-------------: | --------: | :----: | -----: | -----: | -----: | -----: | -----: |
|正片|1|如果人生能重来|1773,3155|8,5132|3,5606|5,4540|4,1731|7047|4411|
|正片|16|大道朝天，各走一边|421,5018|3,8962|3,5591|7228|1,0545|908|3412|
|正片|2|偏向故山行|479,0372|2,8490|1,6246|4795|2,0947|756|874|
|正片|6|人是我杀的|365,4484|2,3251|1,5974|3688|5877|371|765|
|正片|7|少年你意欲何为|350,2513|2,2151|1,5856|3206|7598|387|931|
|正片|10|阴三是一个好名字|470,0084|2,4637|1,4493|4441|6417|646|1501|
|正片|5|隔着漫天血花相对|391,6132|2,0364|1,4359|3450|7682|502|1101|
|正片|4|剑归青山|439,9503|2,2991|1,4268|3820|7421|462|874|
|正片|9|原来你一直在这里|340,9278|1,9724|1,3988|2832|6210|401|1308|
|正片|3|公子只是怕麻烦|396,5378|2,2694|1,3593|3692|7303|443|795|

### 数据可视化

![投币数TOP10](./images/投币数TOP10.png)

## 收藏数TOP10

### 表格数据

|类型|集数|名称|播放量|点赞数|投币数|收藏数|弹幕数|分享数|评论数|
| :--: | :--: | :-------------: | --------: | :----: | -----: | -----: | -----: | -----: | -----: |
|正片|1|如果人生能重来|1773,3155|8,5132|3,5606|5,4540|4,1731|7047|4411|
|正片|16|大道朝天，各走一边|421,5018|3,8962|3,5591|7228|1,0545|908|3412|
|正片|2|偏向故山行|479,0372|2,8490|1,6246|4795|2,0947|756|874|
|正片|10|阴三是一个好名字|470,0084|2,4637|1,4493|4441|6417|646|1501|
|正片|4|剑归青山|439,9503|2,2991|1,4268|3820|7421|462|874|
|正片|3|公子只是怕麻烦|396,5378|2,2694|1,3593|3692|7303|443|795|
|正片|6|人是我杀的|365,4484|2,3251|1,5974|3688|5877|371|765|
|正片|5|隔着漫天血花相对|391,6132|2,0364|1,4359|3450|7682|502|1101|
|正片|7|少年你意欲何为|350,2513|2,2151|1,5856|3206|7598|387|931|
|正片|11|养不熟的刘阿大|394,8282|1,9803|1,3034|2993|8656|367|900|

### 数据可视化

![收藏数TOP10](./images/收藏数TOP10.png)

## 弹幕数TOP10

### 表格数据

|类型|集数|名称|播放量|点赞数|投币数|收藏数|弹幕数|分享数|评论数|
| :--: | :--: | :-------------: | --------: | :----: | -----: | -----: | -----: | -----: | -----: |
|正片|1|如果人生能重来|1773,3155|8,5132|3,5606|5,4540|4,1731|7047|4411|
|正片|2|偏向故山行|479,0372|2,8490|1,6246|4795|2,0947|756|874|
|正片|16|大道朝天，各走一边|421,5018|3,8962|3,5591|7228|1,0545|908|3412|
|正片|11|养不熟的刘阿大|394,8282|1,9803|1,3034|2993|8656|367|900|
|正片|5|隔着漫天血花相对|391,6132|2,0364|1,4359|3450|7682|502|1101|
|正片|7|少年你意欲何为|350,2513|2,2151|1,5856|3206|7598|387|931|
|正片|4|剑归青山|439,9503|2,2991|1,4268|3820|7421|462|874|
|正片|3|公子只是怕麻烦|396,5378|2,2694|1,3593|3692|7303|443|795|
|正片|10|阴三是一个好名字|470,0084|2,4637|1,4493|4441|6417|646|1501|
|正片|9|原来你一直在这里|340,9278|1,9724|1,3988|2832|6210|401|1308|

### 数据可视化

![弹幕数TOP10](./images/弹幕数TOP10.png)

## 分享数TOP10

### 表格数据

|类型|集数|名称|播放量|点赞数|投币数|收藏数|弹幕数|分享数|评论数|
| :--: | :--: | :-------------: | --------: | :----: | -----: | -----: | -----: | -----: | -----: |
|正片|1|如果人生能重来|1773,3155|8,5132|3,5606|5,4540|4,1731|7047|4411|
|正片|16|大道朝天，各走一边|421,5018|3,8962|3,5591|7228|1,0545|908|3412|
|正片|2|偏向故山行|479,0372|2,8490|1,6246|4795|2,0947|756|874|
|正片|10|阴三是一个好名字|470,0084|2,4637|1,4493|4441|6417|646|1501|
|正片|5|隔着漫天血花相对|391,6132|2,0364|1,4359|3450|7682|502|1101|
|正片|4|剑归青山|439,9503|2,2991|1,4268|3820|7421|462|874|
|正片|3|公子只是怕麻烦|396,5378|2,2694|1,3593|3692|7303|443|795|
|正片|9|原来你一直在这里|340,9278|1,9724|1,3988|2832|6210|401|1308|
|正片|7|少年你意欲何为|350,2513|2,2151|1,5856|3206|7598|387|931|
|正片|6|人是我杀的|365,4484|2,3251|1,5974|3688|5877|371|765|

### 数据可视化

![分享数TOP10](./images/分享数TOP10.png)

## 评论数TOP10

### 表格数据

|类型|集数|名称|播放量|点赞数|投币数|收藏数|弹幕数|分享数|评论数|
| :--: | :--: | :-------------: | --------: | :----: | -----: | -----: | -----: | -----: | -----: |
|正片|1|如果人生能重来|1773,3155|8,5132|3,5606|5,4540|4,1731|7047|4411|
|正片|16|大道朝天，各走一边|421,5018|3,8962|3,5591|7228|1,0545|908|3412|
|正片|10|阴三是一个好名字|470,0084|2,4637|1,4493|4441|6417|646|1501|
|正片|9|原来你一直在这里|340,9278|1,9724|1,3988|2832|6210|401|1308|
|正片|5|隔着漫天血花相对|391,6132|2,0364|1,4359|3450|7682|502|1101|
|正片|8|我也是这么想的|331,7119|1,8838|1,2747|2706|5949|333|1010|
|正片|7|少年你意欲何为|350,2513|2,2151|1,5856|3206|7598|387|931|
|正片|11|养不熟的刘阿大|394,8282|1,9803|1,3034|2993|8656|367|900|
|正片|2|偏向故山行|479,0372|2,8490|1,6246|4795|2,0947|756|874|
|正片|4|剑归青山|439,9503|2,2991|1,4268|3820|7421|462|874|

### 数据可视化

![评论数TOP10](./images/评论数TOP10.png)

