## B站《大道朝天》动漫总数据统计(更新时间：2025-11-25 00:27:11)

### 表格数据

|类型|集数|名称|播放量|点赞数|投币数|收藏数|弹幕数|分享数|评论数|
| :--: | :--: | :-------------: | --------: | :----: | -----: | -----: | -----: | -----: | -----: |
|正片|1|如果人生能重来|1786,5704|8,5768|3,5840|5,5059|4,1867|7087|4427|
|正片|2|偏向故山行|485,0578|2,8641|1,6342|4826|2,1089|760|878|
|正片|3|公子只是怕麻烦|399,6263|2,2817|1,3677|3711|7330|446|799|
|正片|4|剑归青山|443,0112|2,3100|1,4350|3831|7468|464|875|
|正片|5|隔着漫天血花相对|394,7332|2,0469|1,4422|3462|7721|506|1102|
|正片|6|人是我杀的|368,3913|2,3338|1,6041|3700|5925|372|766|
|正片|7|少年你意欲何为|353,0974|2,2250|1,5935|3215|7630|389|933|
|正片|8|我也是这么想的|334,5958|1,8917|1,2798|2715|5981|333|1011|
|正片|9|原来你一直在这里|343,8209|1,9798|1,4038|2836|6234|402|1310|
|正片|10|阴三是一个好名字|473,1985|2,4765|1,4574|4452|6442|647|1504|
|正片|11|养不熟的刘阿大|397,9119|1,9910|1,3097|3003|8723|368|901|
|正片|12|千百年来皆如此|338,1613|1,8783|1,2265|2837|4478|320|850|
|正片|13|你们想死吗？|333,1766|1,7859|1,1417|2696|3876|263|666|
|正片|14|两个大魔头|319,8709|1,7555|1,1912|2441|4388|240|838|
|正片|15|我能想到最简单的事|319,4960|1,8405|1,2487|2961|4623|236|749|
|正片|16|大道朝天，各走一边|426,7674|3,9380|3,5969|7337|1,0674|928|3458|
|预告|发布会PV|满级大佬重生回到新手村|72,0450|2579|871|376|39|102|153|
|预告|火锅公路修仙动画|猫腻脑洞最大小说改编-《大道朝天》|316,3013|7682|3368|1521|1142|216|678|
|预告|终极PV|今日12:00开播|52,3241|1798|692|439|15|133|112|
|预告|ED《江畔夜游》正式发布！||22,3039|1006|220|149|16|55|70|
|预告|OP《大道朝天》正式发布！||26,9730|1668|288|324|91|91|183|
|预告|大道朝天角色PV——井九||18,4811|1095|160|205|63|125|138|
|预告|大道朝天角色PV——阴三||13,7611|766|76|73|24|23|83|
|预告|大道朝天角色PV——赵腊月||13,6161|828|121|75|26|28|137|
|预告|大道朝天角色PV——白鬼||12,4340|908|98|77|43|44|97|
|预告|大道朝天角色PV——柳十岁||12,4610|891|110|80|24|33|110|
|预告|大道朝天定档10月10日！||25,8784|2316|329|495|103|293|544|
|预告|PV2|大道朝天，各走一边。|28,9836|2532|345|623|190|309|503|
|预告|概念PV|踏上重回巅峰之路|27,4272|2488|268|322|79|205|441|
|预告|第1集预告||29,4802|743|80|48|12|17|36|
|预告|第2集预告||31,8916|767|221|141|10|15|17|
|预告|第3集预告||29,2587|775|158|113|2|17|13|
|预告|第4集预告||64,8148|2523|1176|373|28|52|239|
|预告|第5集预告||107,4432|3158|1412|553|29|77|198|
|预告|第6集预告||102,1465|3818|2146|725|35|81|287|
|预告|第7集预告||86,7490|2874|1234|340|38|37|200|
|预告|第8集预告||98,6479|3422|1707|526|85|46|339|
|预告|第9集预告||98,7669|3909|1804|612|43|62|321|
|预告|第10集预告||98,2808|4211|2187|590|65|48|361|
|预告|第11集预告||76,6827|3029|1302|374|29|27|197|
|预告|第12集预告||80,5535|2729|1028|243|35|39|120|
|预告|第13集预告||70,6549|2733|1169|319|33|28|126|
|预告|第14集预告||74,8631|3049|1181|309|32|44|123|
|预告|第15集预告||71,2756|2853|1065|306|40|31|162|
|预告|第16集预告||64,9913|3323|1439|311|39|23|176|
|特别花絮|鲛人起舞，来看！||3,7019|355|45|83|2|5|14|
|特别花絮|大道朝天，各走一边，|你走你的，别来烦我|1,7282|198|29|27|0|7|6|
|特别花絮|你已有取死之道！||7,8821|1515|70|102|5|13|54|
|特别花絮|你的伪装，毫无用处||9,3397|123|50|34|0|4|6|
|特别花絮|路见不平，只需一剑||12,9423|166|62|31|4|8|10|
|特别花絮|你们想死吗？||11,2825|145|61|24|4|2|4|
|特别花絮|井九训猫反被挠||19,4693|157|59|26|3|7|10|
|特别花絮|吃火锅=修仙？||16,7370|167|69|32|8|30|9|
|特别花絮|井九"携"腊月成功登顶神末峰||21,6860|332|126|82|1|12|19|
|特别花絮|井九开导腊月，神末传承再现||10,3535|190|56|24|1|7|2|
|特别花絮|我要为神末峰再续传承||19,7758|220|88|49|0|7|19|
|特别花絮|腊月前方开路，井九后头乘凉||10,3998|114|42|27|1|4|5|
|特别花絮|井九出手，技惊四座||29,0703|609|161|141|18|17|26|
|特别花絮|用最平淡的语气说最装的话||23,3202|788|105|95|13|18|45|
|特别花絮|寻仇？最开始有过几次|后来就没人敢了|10,4010|88|30|23|4|3|4|
|特别花絮|元骑鲸出手，压迫感拉满||17,7424|378|63|42|3|13|17|
|特别花絮|这一天，他与她隔着漫天血花相对||16,7918|394|67|45|3|9|21|
|特别花絮|我想说的是，你就不该离我这么近！||12,9302|159|49|31|2|5|18|
|特别花絮|你的剑不错，我取了||13,9690|164|57|47|11|7|12|
|特别花絮|我两忘峰弟子，不可以是一个仆人||11,8964|104|43|31|7|6|10|
|特别花絮|你们打你们的，我飞升我的||10,6048|98|44|28|2|7|7|
|特别花絮|这样大气的仙师请给我来十位！||11,2109|103|45|28|1|3|1|
|特别花絮|天生道种居然与人为仆！||8,8649|51|26|12|0|1|1|
|特别花絮|这一天，他感受到了来自学神的碾压||14,4736|154|56|27|1|2|9|
|特别花絮|此去经年自然忘却，不忘反不美||10,1592|83|35|17|0|4|1|
|特别花絮|PV|如果人生可以重来，我大概还是这样！|14,6292|222|57|61|3|30|77|
|汇总|||播放量|点赞数|投币数|收藏数|弹幕数|分享数|评论数|
|汇总| | |9698,3394|49,9305|29,3014|12,0893|15,6956|1,6293|1,6293|


## 播放量TOP10

### 表格数据

|类型|集数|名称|播放量|点赞数|投币数|收藏数|弹幕数|分享数|评论数|
| :--: | :--: | :-------------: | --------: | :----: | -----: | -----: | -----: | -----: | -----: |
|正片|1|如果人生能重来|1786,5704|8,5768|3,5840|5,5059|4,1867|7087|4427|
|正片|2|偏向故山行|485,0578|2,8641|1,6342|4826|2,1089|760|878|
|正片|10|阴三是一个好名字|473,1985|2,4765|1,4574|4452|6442|647|1504|
|正片|4|剑归青山|443,0112|2,3100|1,4350|3831|7468|464|875|
|正片|16|大道朝天，各走一边|426,7674|3,9380|3,5969|7337|1,0674|928|3458|
|正片|3|公子只是怕麻烦|399,6263|2,2817|1,3677|3711|7330|446|799|
|正片|11|养不熟的刘阿大|397,9119|1,9910|1,3097|3003|8723|368|901|
|正片|5|隔着漫天血花相对|394,7332|2,0469|1,4422|3462|7721|506|1102|
|正片|6|人是我杀的|368,3913|2,3338|1,6041|3700|5925|372|766|
|正片|7|少年你意欲何为|353,0974|2,2250|1,5935|3215|7630|389|933|

### 数据可视化

![播放量TOP10](./images/播放量TOP10.png)

## 点赞数TOP10

### 表格数据

|类型|集数|名称|播放量|点赞数|投币数|收藏数|弹幕数|分享数|评论数|
| :--: | :--: | :-------------: | --------: | :----: | -----: | -----: | -----: | -----: | -----: |
|正片|1|如果人生能重来|1786,5704|8,5768|3,5840|5,5059|4,1867|7087|4427|
|正片|16|大道朝天，各走一边|426,7674|3,9380|3,5969|7337|1,0674|928|3458|
|正片|2|偏向故山行|485,0578|2,8641|1,6342|4826|2,1089|760|878|
|正片|10|阴三是一个好名字|473,1985|2,4765|1,4574|4452|6442|647|1504|
|正片|6|人是我杀的|368,3913|2,3338|1,6041|3700|5925|372|766|
|正片|4|剑归青山|443,0112|2,3100|1,4350|3831|7468|464|875|
|正片|3|公子只是怕麻烦|399,6263|2,2817|1,3677|3711|7330|446|799|
|正片|7|少年你意欲何为|353,0974|2,2250|1,5935|3215|7630|389|933|
|正片|5|隔着漫天血花相对|394,7332|2,0469|1,4422|3462|7721|506|1102|
|正片|11|养不熟的刘阿大|397,9119|1,9910|1,3097|3003|8723|368|901|

### 数据可视化

![点赞数TOP10](./images/点赞数TOP10.png)

## 投币数TOP10

### 表格数据

|类型|集数|名称|播放量|点赞数|投币数|收藏数|弹幕数|分享数|评论数|
| :--: | :--: | :-------------: | --------: | :----: | -----: | -----: | -----: | -----: | -----: |
|正片|16|大道朝天，各走一边|426,7674|3,9380|3,5969|7337|1,0674|928|3458|
|正片|1|如果人生能重来|1786,5704|8,5768|3,5840|5,5059|4,1867|7087|4427|
|正片|2|偏向故山行|485,0578|2,8641|1,6342|4826|2,1089|760|878|
|正片|6|人是我杀的|368,3913|2,3338|1,6041|3700|5925|372|766|
|正片|7|少年你意欲何为|353,0974|2,2250|1,5935|3215|7630|389|933|
|正片|10|阴三是一个好名字|473,1985|2,4765|1,4574|4452|6442|647|1504|
|正片|5|隔着漫天血花相对|394,7332|2,0469|1,4422|3462|7721|506|1102|
|正片|4|剑归青山|443,0112|2,3100|1,4350|3831|7468|464|875|
|正片|9|原来你一直在这里|343,8209|1,9798|1,4038|2836|6234|402|1310|
|正片|3|公子只是怕麻烦|399,6263|2,2817|1,3677|3711|7330|446|799|

### 数据可视化

![投币数TOP10](./images/投币数TOP10.png)

## 收藏数TOP10

### 表格数据

|类型|集数|名称|播放量|点赞数|投币数|收藏数|弹幕数|分享数|评论数|
| :--: | :--: | :-------------: | --------: | :----: | -----: | -----: | -----: | -----: | -----: |
|正片|1|如果人生能重来|1786,5704|8,5768|3,5840|5,5059|4,1867|7087|4427|
|正片|16|大道朝天，各走一边|426,7674|3,9380|3,5969|7337|1,0674|928|3458|
|正片|2|偏向故山行|485,0578|2,8641|1,6342|4826|2,1089|760|878|
|正片|10|阴三是一个好名字|473,1985|2,4765|1,4574|4452|6442|647|1504|
|正片|4|剑归青山|443,0112|2,3100|1,4350|3831|7468|464|875|
|正片|3|公子只是怕麻烦|399,6263|2,2817|1,3677|3711|7330|446|799|
|正片|6|人是我杀的|368,3913|2,3338|1,6041|3700|5925|372|766|
|正片|5|隔着漫天血花相对|394,7332|2,0469|1,4422|3462|7721|506|1102|
|正片|7|少年你意欲何为|353,0974|2,2250|1,5935|3215|7630|389|933|
|正片|11|养不熟的刘阿大|397,9119|1,9910|1,3097|3003|8723|368|901|

### 数据可视化

![收藏数TOP10](./images/收藏数TOP10.png)

## 弹幕数TOP10

### 表格数据

|类型|集数|名称|播放量|点赞数|投币数|收藏数|弹幕数|分享数|评论数|
| :--: | :--: | :-------------: | --------: | :----: | -----: | -----: | -----: | -----: | -----: |
|正片|1|如果人生能重来|1786,5704|8,5768|3,5840|5,5059|4,1867|7087|4427|
|正片|2|偏向故山行|485,0578|2,8641|1,6342|4826|2,1089|760|878|
|正片|16|大道朝天，各走一边|426,7674|3,9380|3,5969|7337|1,0674|928|3458|
|正片|11|养不熟的刘阿大|397,9119|1,9910|1,3097|3003|8723|368|901|
|正片|5|隔着漫天血花相对|394,7332|2,0469|1,4422|3462|7721|506|1102|
|正片|7|少年你意欲何为|353,0974|2,2250|1,5935|3215|7630|389|933|
|正片|4|剑归青山|443,0112|2,3100|1,4350|3831|7468|464|875|
|正片|3|公子只是怕麻烦|399,6263|2,2817|1,3677|3711|7330|446|799|
|正片|10|阴三是一个好名字|473,1985|2,4765|1,4574|4452|6442|647|1504|
|正片|9|原来你一直在这里|343,8209|1,9798|1,4038|2836|6234|402|1310|

### 数据可视化

![弹幕数TOP10](./images/弹幕数TOP10.png)

## 分享数TOP10

### 表格数据

|类型|集数|名称|播放量|点赞数|投币数|收藏数|弹幕数|分享数|评论数|
| :--: | :--: | :-------------: | --------: | :----: | -----: | -----: | -----: | -----: | -----: |
|正片|1|如果人生能重来|1786,5704|8,5768|3,5840|5,5059|4,1867|7087|4427|
|正片|16|大道朝天，各走一边|426,7674|3,9380|3,5969|7337|1,0674|928|3458|
|正片|2|偏向故山行|485,0578|2,8641|1,6342|4826|2,1089|760|878|
|正片|10|阴三是一个好名字|473,1985|2,4765|1,4574|4452|6442|647|1504|
|正片|5|隔着漫天血花相对|394,7332|2,0469|1,4422|3462|7721|506|1102|
|正片|4|剑归青山|443,0112|2,3100|1,4350|3831|7468|464|875|
|正片|3|公子只是怕麻烦|399,6263|2,2817|1,3677|3711|7330|446|799|
|正片|9|原来你一直在这里|343,8209|1,9798|1,4038|2836|6234|402|1310|
|正片|7|少年你意欲何为|353,0974|2,2250|1,5935|3215|7630|389|933|
|正片|6|人是我杀的|368,3913|2,3338|1,6041|3700|5925|372|766|

### 数据可视化

![分享数TOP10](./images/分享数TOP10.png)

## 评论数TOP10

### 表格数据

|类型|集数|名称|播放量|点赞数|投币数|收藏数|弹幕数|分享数|评论数|
| :--: | :--: | :-------------: | --------: | :----: | -----: | -----: | -----: | -----: | -----: |
|正片|1|如果人生能重来|1786,5704|8,5768|3,5840|5,5059|4,1867|7087|4427|
|正片|16|大道朝天，各走一边|426,7674|3,9380|3,5969|7337|1,0674|928|3458|
|正片|10|阴三是一个好名字|473,1985|2,4765|1,4574|4452|6442|647|1504|
|正片|9|原来你一直在这里|343,8209|1,9798|1,4038|2836|6234|402|1310|
|正片|5|隔着漫天血花相对|394,7332|2,0469|1,4422|3462|7721|506|1102|
|正片|8|我也是这么想的|334,5958|1,8917|1,2798|2715|5981|333|1011|
|正片|7|少年你意欲何为|353,0974|2,2250|1,5935|3215|7630|389|933|
|正片|11|养不熟的刘阿大|397,9119|1,9910|1,3097|3003|8723|368|901|
|正片|2|偏向故山行|485,0578|2,8641|1,6342|4826|2,1089|760|878|
|正片|4|剑归青山|443,0112|2,3100|1,4350|3831|7468|464|875|

### 数据可视化

![评论数TOP10](./images/评论数TOP10.png)

