## B站《大道朝天》动漫总数据统计(更新时间：2025-11-26 00:32:30)

### 表格数据

|类型|集数|名称|播放量|点赞数|投币数|收藏数|弹幕数|分享数|评论数|
| :--: | :--: | :-------------: | --------: | :----: | -----: | -----: | -----: | -----: | -----: |
|正片|1|如果人生能重来|1788,0685|8,5842|3,5862|5,5111|4,1883|7093|4427|
|正片|2|偏向故山行|485,4873|2,8664|1,6357|4827|2,1100|762|880|
|正片|3|公子只是怕麻烦|399,9524|2,2832|1,3689|3713|7337|446|799|
|正片|4|剑归青山|443,3444|2,3108|1,4354|3833|7471|465|875|
|正片|5|隔着漫天血花相对|395,0524|2,0481|1,4430|3465|7725|506|1102|
|正片|6|人是我杀的|368,7051|2,3351|1,6053|3705|5927|372|766|
|正片|7|少年你意欲何为|353,4056|2,2261|1,5941|3216|7631|389|933|
|正片|8|我也是这么想的|334,9074|1,8928|1,2802|2717|5988|333|1011|
|正片|9|原来你一直在这里|344,1421|1,9807|1,4043|2836|6234|402|1310|
|正片|10|阴三是一个好名字|473,5671|2,4781|1,4587|4453|6443|647|1504|
|正片|11|养不熟的刘阿大|398,2960|1,9932|1,3108|3004|8727|368|901|
|正片|12|千百年来皆如此|338,5790|1,8815|1,2291|2841|4481|320|850|
|正片|13|你们想死吗？|333,6083|1,7880|1,1433|2701|3885|263|666|
|正片|14|两个大魔头|320,2605|1,7569|1,1921|2443|4390|241|839|
|正片|15|我能想到最简单的事|319,9893|1,8428|1,2503|2966|4628|238|751|
|正片|16|大道朝天，各走一边|427,3949|3,9455|3,6038|7356|1,0693|928|3467|
|预告|发布会PV|满级大佬重生回到新手村|72,0553|2581|875|376|39|102|153|
|预告|火锅公路修仙动画|猫腻脑洞最大小说改编-《大道朝天》|316,3139|7682|3368|1521|1142|216|678|
|预告|终极PV|今日12:00开播|52,3296|1798|692|439|15|133|112|
|预告|ED《江畔夜游》正式发布！||22,3091|1007|220|149|16|55|70|
|预告|OP《大道朝天》正式发布！||26,9846|1668|288|325|91|91|183|
|预告|大道朝天角色PV——井九||18,4830|1096|160|205|63|125|138|
|预告|大道朝天角色PV——阴三||13,7621|766|76|73|24|23|83|
|预告|大道朝天角色PV——赵腊月||13,6170|828|121|75|26|28|137|
|预告|大道朝天角色PV——白鬼||12,4345|908|98|77|43|44|97|
|预告|大道朝天角色PV——柳十岁||12,4617|891|110|80|24|33|110|
|预告|大道朝天定档10月10日！||25,8796|2316|329|495|103|293|544|
|预告|PV2|大道朝天，各走一边。|28,9849|2532|345|623|190|309|503|
|预告|概念PV|踏上重回巅峰之路|27,4293|2488|268|322|79|205|441|
|预告|第1集预告||29,4846|743|80|48|12|17|36|
|预告|第2集预告||31,9548|767|221|141|10|15|17|
|预告|第3集预告||29,2949|775|158|113|2|17|13|
|预告|第4集预告||64,8444|2523|1176|373|28|52|239|
|预告|第5集预告||107,4702|3158|1412|553|29|77|198|
|预告|第6集预告||102,1721|3818|2146|725|35|81|287|
|预告|第7集预告||86,7728|2874|1234|339|38|37|200|
|预告|第8集预告||98,6724|3422|1707|526|85|46|339|
|预告|第9集预告||98,7930|3909|1804|612|43|62|321|
|预告|第10集预告||98,3071|4211|2187|590|65|48|361|
|预告|第11集预告||76,7131|3029|1302|374|29|27|197|
|预告|第12集预告||80,5845|2729|1028|243|35|39|120|
|预告|第13集预告||70,6812|2733|1169|319|33|28|126|
|预告|第14集预告||74,8892|3049|1181|309|32|44|123|
|预告|第15集预告||71,3011|2854|1065|307|40|31|162|
|预告|第16集预告||65,0309|3323|1439|311|39|23|176|
|特别花絮|鲛人起舞，来看！||3,7056|355|45|83|2|5|14|
|特别花絮|大道朝天，各走一边，|你走你的，别来烦我|1,7300|198|29|27|0|7|6|
|特别花絮|你已有取死之道！||7,8894|1514|70|102|5|13|54|
|特别花絮|你的伪装，毫无用处||9,3412|123|50|34|0|4|6|
|特别花絮|路见不平，只需一剑||12,9441|167|62|31|4|8|10|
|特别花絮|你们想死吗？||11,2834|145|61|24|4|2|4|
|特别花絮|井九训猫反被挠||19,4700|157|59|26|3|7|10|
|特别花絮|吃火锅=修仙？||16,7379|167|69|32|8|30|9|
|特别花絮|井九"携"腊月成功登顶神末峰||21,6888|332|126|82|1|12|19|
|特别花絮|井九开导腊月，神末传承再现||10,3543|190|56|24|1|7|2|
|特别花絮|我要为神末峰再续传承||19,7765|220|88|49|0|7|19|
|特别花絮|腊月前方开路，井九后头乘凉||10,4002|114|42|27|1|4|5|
|特别花絮|井九出手，技惊四座||29,0717|609|161|141|18|17|26|
|特别花絮|用最平淡的语气说最装的话||23,3219|788|105|95|13|18|45|
|特别花絮|寻仇？最开始有过几次|后来就没人敢了|10,4014|88|30|23|4|3|4|
|特别花絮|元骑鲸出手，压迫感拉满||17,7436|378|63|42|3|13|17|
|特别花絮|这一天，他与她隔着漫天血花相对||16,7925|394|67|45|3|9|21|
|特别花絮|我想说的是，你就不该离我这么近！||12,9306|159|49|31|2|5|18|
|特别花絮|你的剑不错，我取了||13,9695|164|57|47|11|7|12|
|特别花絮|我两忘峰弟子，不可以是一个仆人||11,8969|104|43|31|7|6|10|
|特别花絮|你们打你们的，我飞升我的||10,6052|98|44|28|2|7|7|
|特别花絮|这样大气的仙师请给我来十位！||11,2114|103|45|28|1|3|1|
|特别花絮|天生道种居然与人为仆！||8,8655|51|26|12|0|1|1|
|特别花絮|这一天，他感受到了来自学神的碾压||14,4741|154|56|27|1|2|9|
|特别花絮|此去经年自然忘却，不忘反不美||10,1605|83|35|17|0|4|1|
|特别花絮|PV|如果人生可以重来，我大概还是这样！|14,6307|222|57|61|3|30|77|
|汇总|||播放量|点赞数|投币数|收藏数|弹幕数|分享数|评论数|
|汇总| | |9706,1681|49,9689|29,3266|12,0999|15,7050|1,6305|1,6305|


## 播放量TOP10

### 表格数据

|类型|集数|名称|播放量|点赞数|投币数|收藏数|弹幕数|分享数|评论数|
| :--: | :--: | :-------------: | --------: | :----: | -----: | -----: | -----: | -----: | -----: |
|正片|1|如果人生能重来|1788,0685|8,5842|3,5862|5,5111|4,1883|7093|4427|
|正片|2|偏向故山行|485,4873|2,8664|1,6357|4827|2,1100|762|880|
|正片|10|阴三是一个好名字|473,5671|2,4781|1,4587|4453|6443|647|1504|
|正片|4|剑归青山|443,3444|2,3108|1,4354|3833|7471|465|875|
|正片|16|大道朝天，各走一边|427,3949|3,9455|3,6038|7356|1,0693|928|3467|
|正片|3|公子只是怕麻烦|399,9524|2,2832|1,3689|3713|7337|446|799|
|正片|11|养不熟的刘阿大|398,2960|1,9932|1,3108|3004|8727|368|901|
|正片|5|隔着漫天血花相对|395,0524|2,0481|1,4430|3465|7725|506|1102|
|正片|6|人是我杀的|368,7051|2,3351|1,6053|3705|5927|372|766|
|正片|7|少年你意欲何为|353,4056|2,2261|1,5941|3216|7631|389|933|

### 数据可视化

![播放量TOP10](./images/播放量TOP10.png)

## 点赞数TOP10

### 表格数据

|类型|集数|名称|播放量|点赞数|投币数|收藏数|弹幕数|分享数|评论数|
| :--: | :--: | :-------------: | --------: | :----: | -----: | -----: | -----: | -----: | -----: |
|正片|1|如果人生能重来|1788,0685|8,5842|3,5862|5,5111|4,1883|7093|4427|
|正片|16|大道朝天，各走一边|427,3949|3,9455|3,6038|7356|1,0693|928|3467|
|正片|2|偏向故山行|485,4873|2,8664|1,6357|4827|2,1100|762|880|
|正片|10|阴三是一个好名字|473,5671|2,4781|1,4587|4453|6443|647|1504|
|正片|6|人是我杀的|368,7051|2,3351|1,6053|3705|5927|372|766|
|正片|4|剑归青山|443,3444|2,3108|1,4354|3833|7471|465|875|
|正片|3|公子只是怕麻烦|399,9524|2,2832|1,3689|3713|7337|446|799|
|正片|7|少年你意欲何为|353,4056|2,2261|1,5941|3216|7631|389|933|
|正片|5|隔着漫天血花相对|395,0524|2,0481|1,4430|3465|7725|506|1102|
|正片|11|养不熟的刘阿大|398,2960|1,9932|1,3108|3004|8727|368|901|

### 数据可视化

![点赞数TOP10](./images/点赞数TOP10.png)

## 投币数TOP10

### 表格数据

|类型|集数|名称|播放量|点赞数|投币数|收藏数|弹幕数|分享数|评论数|
| :--: | :--: | :-------------: | --------: | :----: | -----: | -----: | -----: | -----: | -----: |
|正片|16|大道朝天，各走一边|427,3949|3,9455|3,6038|7356|1,0693|928|3467|
|正片|1|如果人生能重来|1788,0685|8,5842|3,5862|5,5111|4,1883|7093|4427|
|正片|2|偏向故山行|485,4873|2,8664|1,6357|4827|2,1100|762|880|
|正片|6|人是我杀的|368,7051|2,3351|1,6053|3705|5927|372|766|
|正片|7|少年你意欲何为|353,4056|2,2261|1,5941|3216|7631|389|933|
|正片|10|阴三是一个好名字|473,5671|2,4781|1,4587|4453|6443|647|1504|
|正片|5|隔着漫天血花相对|395,0524|2,0481|1,4430|3465|7725|506|1102|
|正片|4|剑归青山|443,3444|2,3108|1,4354|3833|7471|465|875|
|正片|9|原来你一直在这里|344,1421|1,9807|1,4043|2836|6234|402|1310|
|正片|3|公子只是怕麻烦|399,9524|2,2832|1,3689|3713|7337|446|799|

### 数据可视化

![投币数TOP10](./images/投币数TOP10.png)

## 收藏数TOP10

### 表格数据

|类型|集数|名称|播放量|点赞数|投币数|收藏数|弹幕数|分享数|评论数|
| :--: | :--: | :-------------: | --------: | :----: | -----: | -----: | -----: | -----: | -----: |
|正片|1|如果人生能重来|1788,0685|8,5842|3,5862|5,5111|4,1883|7093|4427|
|正片|16|大道朝天，各走一边|427,3949|3,9455|3,6038|7356|1,0693|928|3467|
|正片|2|偏向故山行|485,4873|2,8664|1,6357|4827|2,1100|762|880|
|正片|10|阴三是一个好名字|473,5671|2,4781|1,4587|4453|6443|647|1504|
|正片|4|剑归青山|443,3444|2,3108|1,4354|3833|7471|465|875|
|正片|3|公子只是怕麻烦|399,9524|2,2832|1,3689|3713|7337|446|799|
|正片|6|人是我杀的|368,7051|2,3351|1,6053|3705|5927|372|766|
|正片|5|隔着漫天血花相对|395,0524|2,0481|1,4430|3465|7725|506|1102|
|正片|7|少年你意欲何为|353,4056|2,2261|1,5941|3216|7631|389|933|
|正片|11|养不熟的刘阿大|398,2960|1,9932|1,3108|3004|8727|368|901|

### 数据可视化

![收藏数TOP10](./images/收藏数TOP10.png)

## 弹幕数TOP10

### 表格数据

|类型|集数|名称|播放量|点赞数|投币数|收藏数|弹幕数|分享数|评论数|
| :--: | :--: | :-------------: | --------: | :----: | -----: | -----: | -----: | -----: | -----: |
|正片|1|如果人生能重来|1788,0685|8,5842|3,5862|5,5111|4,1883|7093|4427|
|正片|2|偏向故山行|485,4873|2,8664|1,6357|4827|2,1100|762|880|
|正片|16|大道朝天，各走一边|427,3949|3,9455|3,6038|7356|1,0693|928|3467|
|正片|11|养不熟的刘阿大|398,2960|1,9932|1,3108|3004|8727|368|901|
|正片|5|隔着漫天血花相对|395,0524|2,0481|1,4430|3465|7725|506|1102|
|正片|7|少年你意欲何为|353,4056|2,2261|1,5941|3216|7631|389|933|
|正片|4|剑归青山|443,3444|2,3108|1,4354|3833|7471|465|875|
|正片|3|公子只是怕麻烦|399,9524|2,2832|1,3689|3713|7337|446|799|
|正片|10|阴三是一个好名字|473,5671|2,4781|1,4587|4453|6443|647|1504|
|正片|9|原来你一直在这里|344,1421|1,9807|1,4043|2836|6234|402|1310|

### 数据可视化

![弹幕数TOP10](./images/弹幕数TOP10.png)

## 分享数TOP10

### 表格数据

|类型|集数|名称|播放量|点赞数|投币数|收藏数|弹幕数|分享数|评论数|
| :--: | :--: | :-------------: | --------: | :----: | -----: | -----: | -----: | -----: | -----: |
|正片|1|如果人生能重来|1788,0685|8,5842|3,5862|5,5111|4,1883|7093|4427|
|正片|16|大道朝天，各走一边|427,3949|3,9455|3,6038|7356|1,0693|928|3467|
|正片|2|偏向故山行|485,4873|2,8664|1,6357|4827|2,1100|762|880|
|正片|10|阴三是一个好名字|473,5671|2,4781|1,4587|4453|6443|647|1504|
|正片|5|隔着漫天血花相对|395,0524|2,0481|1,4430|3465|7725|506|1102|
|正片|4|剑归青山|443,3444|2,3108|1,4354|3833|7471|465|875|
|正片|3|公子只是怕麻烦|399,9524|2,2832|1,3689|3713|7337|446|799|
|正片|9|原来你一直在这里|344,1421|1,9807|1,4043|2836|6234|402|1310|
|正片|7|少年你意欲何为|353,4056|2,2261|1,5941|3216|7631|389|933|
|正片|6|人是我杀的|368,7051|2,3351|1,6053|3705|5927|372|766|

### 数据可视化

![分享数TOP10](./images/分享数TOP10.png)

## 评论数TOP10

### 表格数据

|类型|集数|名称|播放量|点赞数|投币数|收藏数|弹幕数|分享数|评论数|
| :--: | :--: | :-------------: | --------: | :----: | -----: | -----: | -----: | -----: | -----: |
|正片|1|如果人生能重来|1788,0685|8,5842|3,5862|5,5111|4,1883|7093|4427|
|正片|16|大道朝天，各走一边|427,3949|3,9455|3,6038|7356|1,0693|928|3467|
|正片|10|阴三是一个好名字|473,5671|2,4781|1,4587|4453|6443|647|1504|
|正片|9|原来你一直在这里|344,1421|1,9807|1,4043|2836|6234|402|1310|
|正片|5|隔着漫天血花相对|395,0524|2,0481|1,4430|3465|7725|506|1102|
|正片|8|我也是这么想的|334,9074|1,8928|1,2802|2717|5988|333|1011|
|正片|7|少年你意欲何为|353,4056|2,2261|1,5941|3216|7631|389|933|
|正片|11|养不熟的刘阿大|398,2960|1,9932|1,3108|3004|8727|368|901|
|正片|2|偏向故山行|485,4873|2,8664|1,6357|4827|2,1100|762|880|
|正片|4|剑归青山|443,3444|2,3108|1,4354|3833|7471|465|875|

### 数据可视化

![评论数TOP10](./images/评论数TOP10.png)

