## B站《大道朝天》动漫总数据统计(更新时间：2025-12-14 00:28:24)

### 表格数据

|类型|集数|名称|播放量|点赞数|投币数|收藏数|弹幕数|分享数|评论数|
| :--: | :--: | :-------------: | --------: | :----: | -----: | -----: | -----: | -----: | -----: |
|正片|1|如果人生能重来|1809,8532|8,6911|3,6240|5,5914|4,2128|7158|4477|
|正片|2|偏向故山行|491,7989|2,8911|1,6516|4884|2,1303|770|885|
|正片|3|公子只是怕麻烦|404,6346|2,3016|1,3803|3750|7387|448|803|
|正片|4|剑归青山|447,8418|2,3282|1,4479|3859|7520|467|881|
|正片|5|隔着漫天血花相对|399,5589|2,0661|1,4528|3481|7795|511|1106|
|正片|6|人是我杀的|373,0105|2,3525|1,6190|3717|5975|373|767|
|正片|7|少年你意欲何为|357,6386|2,2460|1,6094|3233|7696|392|934|
|正片|8|我也是这么想的|339,1509|1,9099|1,2911|2731|6039|336|1015|
|正片|9|原来你一直在这里|348,4497|1,9984|1,4161|2851|6301|408|1311|
|正片|10|阴三是一个好名字|478,2960|2,4983|1,4727|4478|6507|654|1507|
|正片|11|养不熟的刘阿大|403,0266|2,0134|1,3223|3026|8845|374|906|
|正片|12|千百年来皆如此|343,9934|1,9115|1,2444|2882|4522|324|857|
|正片|13|你们想死吗？|338,3908|1,8059|1,1534|2719|3923|264|668|
|正片|14|两个大魔头|324,9035|1,7746|1,2053|2461|4426|247|845|
|正片|15|我能想到最简单的事|325,4161|1,8683|1,2638|3019|4688|243|757|
|正片|16|大道朝天，各走一边|436,2637|4,0292|3,6837|7555|1,0918|948|3535|
|预告|发布会PV|满级大佬重生回到新手村|72,2196|2589|875|376|39|102|153|
|预告|火锅公路修仙动画|猫腻脑洞最大小说改编-《大道朝天》|316,5429|7688|3370|1520|1142|216|682|
|预告|终极PV|今日12:00开播|52,4167|1800|692|441|15|134|112|
|预告|ED《江畔夜游》正式发布！||22,4402|1015|222|157|16|55|70|
|预告|OP《大道朝天》正式发布！||27,3291|1704|308|344|91|95|185|
|预告|大道朝天角色PV——井九||18,5220|1098|160|206|63|126|138|
|预告|大道朝天角色PV——阴三||13,7919|766|76|74|24|23|83|
|预告|大道朝天角色PV——赵腊月||13,6422|828|121|74|26|28|137|
|预告|大道朝天角色PV——白鬼||12,4519|908|98|76|44|44|97|
|预告|大道朝天角色PV——柳十岁||12,4789|892|110|80|24|34|110|
|预告|大道朝天定档10月10日！||25,8997|2316|329|494|103|293|544|
|预告|PV2|大道朝天，各走一边。|29,0085|2532|345|623|190|309|503|
|预告|概念PV|踏上重回巅峰之路|27,4530|2490|268|323|79|205|441|
|预告|第1集预告||29,5925|743|80|48|12|17|36|
|预告|第2集预告||32,7959|777|227|143|10|16|17|
|预告|第3集预告||29,8274|781|162|114|2|17|13|
|预告|第4集预告||65,2623|2524|1176|372|28|52|239|
|预告|第5集预告||107,8630|3159|1414|554|29|77|198|
|预告|第6集预告||102,5427|3819|2148|723|35|81|287|
|预告|第7集预告||87,1298|2875|1236|340|38|37|200|
|预告|第8集预告||99,0264|3423|1707|525|85|46|339|
|预告|第9集预告||99,1401|3909|1804|613|43|62|321|
|预告|第10集预告||98,6564|4210|2187|591|65|48|361|
|预告|第11集预告||77,0753|3030|1304|374|29|27|197|
|预告|第12集预告||80,9486|2730|1028|242|35|39|121|
|预告|第13集预告||71,0234|2733|1169|319|33|28|126|
|预告|第14集预告||75,2251|3049|1181|309|32|45|123|
|预告|第15集预告||71,6352|2855|1065|307|40|31|162|
|预告|第16集预告||65,4561|3324|1439|311|39|23|176|
|特别花絮|鲛人起舞，来看！||3,7601|355|45|85|2|5|14|
|特别花絮|大道朝天，各走一边，|你走你的，别来烦我|1,7623|198|29|28|0|7|6|
|特别花絮|你已有取死之道！||8,0342|1533|73|102|5|13|54|
|特别花絮|你的伪装，毫无用处||9,3722|124|50|34|0|4|6|
|特别花絮|路见不平，只需一剑||12,9827|168|62|32|4|8|10|
|特别花絮|你们想死吗？||11,3076|146|63|24|4|2|4|
|特别花絮|井九训猫反被挠||19,4872|157|59|27|3|7|10|
|特别花絮|吃火锅=修仙？||16,7536|167|69|32|8|30|9|
|特别花絮|井九"携"腊月成功登顶神末峰||21,7513|335|126|82|1|12|19|
|特别花絮|井九开导腊月，神末传承再现||10,3803|189|56|23|1|7|2|
|特别花絮|我要为神末峰再续传承||19,7937|220|88|48|0|7|19|
|特别花絮|腊月前方开路，井九后头乘凉||10,4152|114|42|27|1|4|5|
|特别花絮|井九出手，技惊四座||29,1203|609|161|143|18|18|26|
|特别花絮|用最平淡的语气说最装的话||23,3836|793|105|97|13|18|46|
|特别花絮|寻仇？最开始有过几次|后来就没人敢了|10,4145|88|30|23|4|3|4|
|特别花絮|元骑鲸出手，压迫感拉满||17,7869|378|63|42|3|13|17|
|特别花絮|这一天，他与她隔着漫天血花相对||16,8180|395|67|45|3|9|21|
|特别花絮|我想说的是，你就不该离我这么近！||12,9469|159|49|31|2|5|18|
|特别花絮|你的剑不错，我取了||13,9818|165|57|47|11|7|12|
|特别花絮|我两忘峰弟子，不可以是一个仆人||11,9116|104|43|31|7|6|10|
|特别花絮|你们打你们的，我飞升我的||10,6156|98|44|28|2|7|7|
|特别花絮|这样大气的仙师请给我来十位！||11,2241|104|45|28|1|3|1|
|特别花絮|天生道种居然与人为仆！||8,8785|52|26|12|0|1|1|
|特别花絮|这一天，他感受到了来自学神的碾压||14,4881|155|56|27|1|2|9|
|特别花絮|此去经年自然忘却，不忘反不美||10,1835|84|35|17|0|4|1|
|特别花絮|PV|如果人生可以重来，我大概还是这样！|14,6563|222|57|61|3|30|77|
|汇总|||播放量|点赞数|投币数|收藏数|弹幕数|分享数|评论数|
|汇总| | |9811,8341|50,4540|29,6279|12,2409|15,8481|1,6459|1,6459|


## 播放量TOP10

### 表格数据

|类型|集数|名称|播放量|点赞数|投币数|收藏数|弹幕数|分享数|评论数|
| :--: | :--: | :-------------: | --------: | :----: | -----: | -----: | -----: | -----: | -----: |
|正片|1|如果人生能重来|1809,8532|8,6911|3,6240|5,5914|4,2128|7158|4477|
|正片|2|偏向故山行|491,7989|2,8911|1,6516|4884|2,1303|770|885|
|正片|10|阴三是一个好名字|478,2960|2,4983|1,4727|4478|6507|654|1507|
|正片|4|剑归青山|447,8418|2,3282|1,4479|3859|7520|467|881|
|正片|16|大道朝天，各走一边|436,2637|4,0292|3,6837|7555|1,0918|948|3535|
|正片|3|公子只是怕麻烦|404,6346|2,3016|1,3803|3750|7387|448|803|
|正片|11|养不熟的刘阿大|403,0266|2,0134|1,3223|3026|8845|374|906|
|正片|5|隔着漫天血花相对|399,5589|2,0661|1,4528|3481|7795|511|1106|
|正片|6|人是我杀的|373,0105|2,3525|1,6190|3717|5975|373|767|
|正片|7|少年你意欲何为|357,6386|2,2460|1,6094|3233|7696|392|934|

### 数据可视化

![播放量TOP10](./images/播放量TOP10.png)

## 点赞数TOP10

### 表格数据

|类型|集数|名称|播放量|点赞数|投币数|收藏数|弹幕数|分享数|评论数|
| :--: | :--: | :-------------: | --------: | :----: | -----: | -----: | -----: | -----: | -----: |
|正片|1|如果人生能重来|1809,8532|8,6911|3,6240|5,5914|4,2128|7158|4477|
|正片|16|大道朝天，各走一边|436,2637|4,0292|3,6837|7555|1,0918|948|3535|
|正片|2|偏向故山行|491,7989|2,8911|1,6516|4884|2,1303|770|885|
|正片|10|阴三是一个好名字|478,2960|2,4983|1,4727|4478|6507|654|1507|
|正片|6|人是我杀的|373,0105|2,3525|1,6190|3717|5975|373|767|
|正片|4|剑归青山|447,8418|2,3282|1,4479|3859|7520|467|881|
|正片|3|公子只是怕麻烦|404,6346|2,3016|1,3803|3750|7387|448|803|
|正片|7|少年你意欲何为|357,6386|2,2460|1,6094|3233|7696|392|934|
|正片|5|隔着漫天血花相对|399,5589|2,0661|1,4528|3481|7795|511|1106|
|正片|11|养不熟的刘阿大|403,0266|2,0134|1,3223|3026|8845|374|906|

### 数据可视化

![点赞数TOP10](./images/点赞数TOP10.png)

## 投币数TOP10

### 表格数据

|类型|集数|名称|播放量|点赞数|投币数|收藏数|弹幕数|分享数|评论数|
| :--: | :--: | :-------------: | --------: | :----: | -----: | -----: | -----: | -----: | -----: |
|正片|16|大道朝天，各走一边|436,2637|4,0292|3,6837|7555|1,0918|948|3535|
|正片|1|如果人生能重来|1809,8532|8,6911|3,6240|5,5914|4,2128|7158|4477|
|正片|2|偏向故山行|491,7989|2,8911|1,6516|4884|2,1303|770|885|
|正片|6|人是我杀的|373,0105|2,3525|1,6190|3717|5975|373|767|
|正片|7|少年你意欲何为|357,6386|2,2460|1,6094|3233|7696|392|934|
|正片|10|阴三是一个好名字|478,2960|2,4983|1,4727|4478|6507|654|1507|
|正片|5|隔着漫天血花相对|399,5589|2,0661|1,4528|3481|7795|511|1106|
|正片|4|剑归青山|447,8418|2,3282|1,4479|3859|7520|467|881|
|正片|9|原来你一直在这里|348,4497|1,9984|1,4161|2851|6301|408|1311|
|正片|3|公子只是怕麻烦|404,6346|2,3016|1,3803|3750|7387|448|803|

### 数据可视化

![投币数TOP10](./images/投币数TOP10.png)

## 收藏数TOP10

### 表格数据

|类型|集数|名称|播放量|点赞数|投币数|收藏数|弹幕数|分享数|评论数|
| :--: | :--: | :-------------: | --------: | :----: | -----: | -----: | -----: | -----: | -----: |
|正片|1|如果人生能重来|1809,8532|8,6911|3,6240|5,5914|4,2128|7158|4477|
|正片|16|大道朝天，各走一边|436,2637|4,0292|3,6837|7555|1,0918|948|3535|
|正片|2|偏向故山行|491,7989|2,8911|1,6516|4884|2,1303|770|885|
|正片|10|阴三是一个好名字|478,2960|2,4983|1,4727|4478|6507|654|1507|
|正片|4|剑归青山|447,8418|2,3282|1,4479|3859|7520|467|881|
|正片|3|公子只是怕麻烦|404,6346|2,3016|1,3803|3750|7387|448|803|
|正片|6|人是我杀的|373,0105|2,3525|1,6190|3717|5975|373|767|
|正片|5|隔着漫天血花相对|399,5589|2,0661|1,4528|3481|7795|511|1106|
|正片|7|少年你意欲何为|357,6386|2,2460|1,6094|3233|7696|392|934|
|正片|11|养不熟的刘阿大|403,0266|2,0134|1,3223|3026|8845|374|906|

### 数据可视化

![收藏数TOP10](./images/收藏数TOP10.png)

## 弹幕数TOP10

### 表格数据

|类型|集数|名称|播放量|点赞数|投币数|收藏数|弹幕数|分享数|评论数|
| :--: | :--: | :-------------: | --------: | :----: | -----: | -----: | -----: | -----: | -----: |
|正片|1|如果人生能重来|1809,8532|8,6911|3,6240|5,5914|4,2128|7158|4477|
|正片|2|偏向故山行|491,7989|2,8911|1,6516|4884|2,1303|770|885|
|正片|16|大道朝天，各走一边|436,2637|4,0292|3,6837|7555|1,0918|948|3535|
|正片|11|养不熟的刘阿大|403,0266|2,0134|1,3223|3026|8845|374|906|
|正片|5|隔着漫天血花相对|399,5589|2,0661|1,4528|3481|7795|511|1106|
|正片|7|少年你意欲何为|357,6386|2,2460|1,6094|3233|7696|392|934|
|正片|4|剑归青山|447,8418|2,3282|1,4479|3859|7520|467|881|
|正片|3|公子只是怕麻烦|404,6346|2,3016|1,3803|3750|7387|448|803|
|正片|10|阴三是一个好名字|478,2960|2,4983|1,4727|4478|6507|654|1507|
|正片|9|原来你一直在这里|348,4497|1,9984|1,4161|2851|6301|408|1311|

### 数据可视化

![弹幕数TOP10](./images/弹幕数TOP10.png)

## 分享数TOP10

### 表格数据

|类型|集数|名称|播放量|点赞数|投币数|收藏数|弹幕数|分享数|评论数|
| :--: | :--: | :-------------: | --------: | :----: | -----: | -----: | -----: | -----: | -----: |
|正片|1|如果人生能重来|1809,8532|8,6911|3,6240|5,5914|4,2128|7158|4477|
|正片|16|大道朝天，各走一边|436,2637|4,0292|3,6837|7555|1,0918|948|3535|
|正片|2|偏向故山行|491,7989|2,8911|1,6516|4884|2,1303|770|885|
|正片|10|阴三是一个好名字|478,2960|2,4983|1,4727|4478|6507|654|1507|
|正片|5|隔着漫天血花相对|399,5589|2,0661|1,4528|3481|7795|511|1106|
|正片|4|剑归青山|447,8418|2,3282|1,4479|3859|7520|467|881|
|正片|3|公子只是怕麻烦|404,6346|2,3016|1,3803|3750|7387|448|803|
|正片|9|原来你一直在这里|348,4497|1,9984|1,4161|2851|6301|408|1311|
|正片|7|少年你意欲何为|357,6386|2,2460|1,6094|3233|7696|392|934|
|正片|11|养不熟的刘阿大|403,0266|2,0134|1,3223|3026|8845|374|906|

### 数据可视化

![分享数TOP10](./images/分享数TOP10.png)

## 评论数TOP10

### 表格数据

|类型|集数|名称|播放量|点赞数|投币数|收藏数|弹幕数|分享数|评论数|
| :--: | :--: | :-------------: | --------: | :----: | -----: | -----: | -----: | -----: | -----: |
|正片|1|如果人生能重来|1809,8532|8,6911|3,6240|5,5914|4,2128|7158|4477|
|正片|16|大道朝天，各走一边|436,2637|4,0292|3,6837|7555|1,0918|948|3535|
|正片|10|阴三是一个好名字|478,2960|2,4983|1,4727|4478|6507|654|1507|
|正片|9|原来你一直在这里|348,4497|1,9984|1,4161|2851|6301|408|1311|
|正片|5|隔着漫天血花相对|399,5589|2,0661|1,4528|3481|7795|511|1106|
|正片|8|我也是这么想的|339,1509|1,9099|1,2911|2731|6039|336|1015|
|正片|7|少年你意欲何为|357,6386|2,2460|1,6094|3233|7696|392|934|
|正片|11|养不熟的刘阿大|403,0266|2,0134|1,3223|3026|8845|374|906|
|正片|2|偏向故山行|491,7989|2,8911|1,6516|4884|2,1303|770|885|
|正片|4|剑归青山|447,8418|2,3282|1,4479|3859|7520|467|881|

### 数据可视化

![评论数TOP10](./images/评论数TOP10.png)

