## B站《大道朝天》动漫总数据统计(更新时间：2025-12-11 00:33:04)

### 表格数据

|类型|集数|名称|播放量|点赞数|投币数|收藏数|弹幕数|分享数|评论数|
| :--: | :--: | :-------------: | --------: | :----: | -----: | -----: | -----: | -----: | -----: |
|正片|1|如果人生能重来|1807,4199|8,6801|3,6200|5,5826|4,2086|7148|4470|
|正片|2|偏向故山行|491,0788|2,8881|1,6492|4877|2,1278|770|884|
|正片|3|公子只是怕麻烦|404,0292|2,2994|1,3790|3744|7385|448|803|
|正片|4|剑归青山|447,2739|2,3255|1,4467|3858|7519|467|878|
|正片|5|隔着漫天血花相对|398,9967|2,0642|1,4522|3478|7787|511|1106|
|正片|6|人是我杀的|372,4791|2,3500|1,6161|3717|5969|373|767|
|正片|7|少年你意欲何为|357,0924|2,2441|1,6077|3232|7691|392|933|
|正片|8|我也是这么想的|338,6165|1,9074|1,2893|2730|6037|336|1014|
|正片|9|原来你一直在这里|347,9019|1,9961|1,4145|2848|6290|408|1311|
|正片|10|阴三是一个好名字|477,7124|2,4950|1,4699|4481|6500|653|1506|
|正片|11|养不熟的刘阿大|402,4525|2,0115|1,3211|3024|8820|372|906|
|正片|12|千百年来皆如此|343,3939|1,9078|1,2422|2881|4521|324|856|
|正片|13|你们想死吗？|337,8337|1,8036|1,1518|2716|3920|264|667|
|正片|14|两个大魔头|324,3672|1,7731|1,2043|2459|4426|247|845|
|正片|15|我能想到最简单的事|324,7669|1,8649|1,2621|3015|4685|243|757|
|正片|16|大道朝天，各走一边|435,2048|4,0194|3,6752|7535|1,0894|947|3527|
|预告|发布会PV|满级大佬重生回到新手村|72,1939|2588|875|378|39|102|153|
|预告|火锅公路修仙动画|猫腻脑洞最大小说改编-《大道朝天》|316,5116|7686|3368|1521|1142|216|678|
|预告|终极PV|今日12:00开播|52,4047|1800|692|441|15|134|112|
|预告|ED《江畔夜游》正式发布！||22,4174|1015|222|157|16|55|70|
|预告|OP《大道朝天》正式发布！||27,2760|1700|308|342|91|95|185|
|预告|大道朝天角色PV——井九||18,5160|1096|160|206|63|126|138|
|预告|大道朝天角色PV——阴三||13,7877|766|76|74|24|23|83|
|预告|大道朝天角色PV——赵腊月||13,6377|828|121|74|26|28|137|
|预告|大道朝天角色PV——白鬼||12,4492|908|98|76|44|44|97|
|预告|大道朝天角色PV——柳十岁||12,4758|891|110|80|24|34|110|
|预告|大道朝天定档10月10日！||25,8964|2316|329|494|103|293|544|
|预告|PV2|大道朝天，各走一边。|29,0052|2532|345|623|190|309|503|
|预告|概念PV|踏上重回巅峰之路|27,4502|2490|268|323|79|205|441|
|预告|第1集预告||29,5889|743|80|48|12|17|36|
|预告|第2集预告||32,7210|776|225|142|10|16|17|
|预告|第3集预告||29,7856|781|162|113|2|17|13|
|预告|第4集预告||65,2360|2524|1176|372|28|52|239|
|预告|第5集预告||107,8407|3159|1414|554|29|77|198|
|预告|第6集预告||102,5223|3819|2148|723|35|81|287|
|预告|第7集预告||87,1129|2875|1236|340|38|37|200|
|预告|第8集预告||99,0088|3423|1707|525|85|46|339|
|预告|第9集预告||99,1233|3909|1804|613|43|62|321|
|预告|第10集预告||98,6391|4210|2187|591|65|48|361|
|预告|第11集预告||77,0592|3030|1304|374|29|27|197|
|预告|第12集预告||80,9336|2730|1028|242|35|39|121|
|预告|第13集预告||71,0079|2733|1169|319|33|28|126|
|预告|第14集预告||75,2085|3049|1181|309|32|45|123|
|预告|第15集预告||71,6203|2854|1065|307|40|31|162|
|预告|第16集预告||65,4301|3324|1439|311|39|23|176|
|特别花絮|鲛人起舞，来看！||3,7519|355|45|85|2|5|14|
|特别花絮|大道朝天，各走一边，|你走你的，别来烦我|1,7567|198|29|27|0|7|6|
|特别花絮|你已有取死之道！||8,0080|1532|73|102|5|13|54|
|特别花絮|你的伪装，毫无用处||9,3666|124|50|34|0|4|6|
|特别花絮|路见不平，只需一剑||12,9754|168|62|32|4|8|10|
|特别花絮|你们想死吗？||11,3018|145|61|24|4|2|4|
|特别花絮|井九训猫反被挠||19,4843|157|59|27|3|7|10|
|特别花絮|吃火锅=修仙？||16,7503|167|69|32|8|30|9|
|特别花絮|井九"携"腊月成功登顶神末峰||21,7445|334|126|82|1|12|19|
|特别花絮|井九开导腊月，神末传承再现||10,3757|189|56|23|1|7|2|
|特别花絮|我要为神末峰再续传承||19,7906|220|88|48|0|7|19|
|特别花絮|腊月前方开路，井九后头乘凉||10,4124|114|42|27|1|4|5|
|特别花絮|井九出手，技惊四座||29,1113|609|161|143|18|18|26|
|特别花絮|用最平淡的语气说最装的话||23,3627|791|105|96|13|18|46|
|特别花絮|寻仇？最开始有过几次|后来就没人敢了|10,4121|88|30|23|4|3|4|
|特别花絮|元骑鲸出手，压迫感拉满||17,7822|378|63|42|3|13|17|
|特别花絮|这一天，他与她隔着漫天血花相对||16,8131|395|67|45|3|9|21|
|特别花絮|我想说的是，你就不该离我这么近！||12,9442|159|49|31|2|5|18|
|特别花絮|你的剑不错，我取了||13,9792|165|57|47|11|7|12|
|特别花絮|我两忘峰弟子，不可以是一个仆人||11,9088|104|43|31|7|6|10|
|特别花絮|你们打你们的，我飞升我的||10,6137|98|44|28|2|7|7|
|特别花絮|这样大气的仙师请给我来十位！||11,2217|104|45|28|1|3|1|
|特别花絮|天生道种居然与人为仆！||8,8758|52|26|12|0|1|1|
|特别花絮|这一天，他感受到了来自学神的碾压||14,4853|155|56|27|1|2|9|
|特别花絮|此去经年自然忘却，不忘反不美||10,1801|84|35|17|0|4|1|
|特别花絮|PV|如果人生可以重来，我大概还是这样！|14,6527|222|57|61|3|30|77|
|汇总|||播放量|点赞数|投币数|收藏数|弹幕数|分享数|评论数|
|汇总| | |9799,5409|50,3964|29,5908|12,2267|15,8316|1,6445|1,6445|


## 播放量TOP10

### 表格数据

|类型|集数|名称|播放量|点赞数|投币数|收藏数|弹幕数|分享数|评论数|
| :--: | :--: | :-------------: | --------: | :----: | -----: | -----: | -----: | -----: | -----: |
|正片|1|如果人生能重来|1807,4199|8,6801|3,6200|5,5826|4,2086|7148|4470|
|正片|2|偏向故山行|491,0788|2,8881|1,6492|4877|2,1278|770|884|
|正片|10|阴三是一个好名字|477,7124|2,4950|1,4699|4481|6500|653|1506|
|正片|4|剑归青山|447,2739|2,3255|1,4467|3858|7519|467|878|
|正片|16|大道朝天，各走一边|435,2048|4,0194|3,6752|7535|1,0894|947|3527|
|正片|3|公子只是怕麻烦|404,0292|2,2994|1,3790|3744|7385|448|803|
|正片|11|养不熟的刘阿大|402,4525|2,0115|1,3211|3024|8820|372|906|
|正片|5|隔着漫天血花相对|398,9967|2,0642|1,4522|3478|7787|511|1106|
|正片|6|人是我杀的|372,4791|2,3500|1,6161|3717|5969|373|767|
|正片|7|少年你意欲何为|357,0924|2,2441|1,6077|3232|7691|392|933|

### 数据可视化

![播放量TOP10](./images/播放量TOP10.png)

## 点赞数TOP10

### 表格数据

|类型|集数|名称|播放量|点赞数|投币数|收藏数|弹幕数|分享数|评论数|
| :--: | :--: | :-------------: | --------: | :----: | -----: | -----: | -----: | -----: | -----: |
|正片|1|如果人生能重来|1807,4199|8,6801|3,6200|5,5826|4,2086|7148|4470|
|正片|16|大道朝天，各走一边|435,2048|4,0194|3,6752|7535|1,0894|947|3527|
|正片|2|偏向故山行|491,0788|2,8881|1,6492|4877|2,1278|770|884|
|正片|10|阴三是一个好名字|477,7124|2,4950|1,4699|4481|6500|653|1506|
|正片|6|人是我杀的|372,4791|2,3500|1,6161|3717|5969|373|767|
|正片|4|剑归青山|447,2739|2,3255|1,4467|3858|7519|467|878|
|正片|3|公子只是怕麻烦|404,0292|2,2994|1,3790|3744|7385|448|803|
|正片|7|少年你意欲何为|357,0924|2,2441|1,6077|3232|7691|392|933|
|正片|5|隔着漫天血花相对|398,9967|2,0642|1,4522|3478|7787|511|1106|
|正片|11|养不熟的刘阿大|402,4525|2,0115|1,3211|3024|8820|372|906|

### 数据可视化

![点赞数TOP10](./images/点赞数TOP10.png)

## 投币数TOP10

### 表格数据

|类型|集数|名称|播放量|点赞数|投币数|收藏数|弹幕数|分享数|评论数|
| :--: | :--: | :-------------: | --------: | :----: | -----: | -----: | -----: | -----: | -----: |
|正片|16|大道朝天，各走一边|435,2048|4,0194|3,6752|7535|1,0894|947|3527|
|正片|1|如果人生能重来|1807,4199|8,6801|3,6200|5,5826|4,2086|7148|4470|
|正片|2|偏向故山行|491,0788|2,8881|1,6492|4877|2,1278|770|884|
|正片|6|人是我杀的|372,4791|2,3500|1,6161|3717|5969|373|767|
|正片|7|少年你意欲何为|357,0924|2,2441|1,6077|3232|7691|392|933|
|正片|10|阴三是一个好名字|477,7124|2,4950|1,4699|4481|6500|653|1506|
|正片|5|隔着漫天血花相对|398,9967|2,0642|1,4522|3478|7787|511|1106|
|正片|4|剑归青山|447,2739|2,3255|1,4467|3858|7519|467|878|
|正片|9|原来你一直在这里|347,9019|1,9961|1,4145|2848|6290|408|1311|
|正片|3|公子只是怕麻烦|404,0292|2,2994|1,3790|3744|7385|448|803|

### 数据可视化

![投币数TOP10](./images/投币数TOP10.png)

## 收藏数TOP10

### 表格数据

|类型|集数|名称|播放量|点赞数|投币数|收藏数|弹幕数|分享数|评论数|
| :--: | :--: | :-------------: | --------: | :----: | -----: | -----: | -----: | -----: | -----: |
|正片|1|如果人生能重来|1807,4199|8,6801|3,6200|5,5826|4,2086|7148|4470|
|正片|16|大道朝天，各走一边|435,2048|4,0194|3,6752|7535|1,0894|947|3527|
|正片|2|偏向故山行|491,0788|2,8881|1,6492|4877|2,1278|770|884|
|正片|10|阴三是一个好名字|477,7124|2,4950|1,4699|4481|6500|653|1506|
|正片|4|剑归青山|447,2739|2,3255|1,4467|3858|7519|467|878|
|正片|3|公子只是怕麻烦|404,0292|2,2994|1,3790|3744|7385|448|803|
|正片|6|人是我杀的|372,4791|2,3500|1,6161|3717|5969|373|767|
|正片|5|隔着漫天血花相对|398,9967|2,0642|1,4522|3478|7787|511|1106|
|正片|7|少年你意欲何为|357,0924|2,2441|1,6077|3232|7691|392|933|
|正片|11|养不熟的刘阿大|402,4525|2,0115|1,3211|3024|8820|372|906|

### 数据可视化

![收藏数TOP10](./images/收藏数TOP10.png)

## 弹幕数TOP10

### 表格数据

|类型|集数|名称|播放量|点赞数|投币数|收藏数|弹幕数|分享数|评论数|
| :--: | :--: | :-------------: | --------: | :----: | -----: | -----: | -----: | -----: | -----: |
|正片|1|如果人生能重来|1807,4199|8,6801|3,6200|5,5826|4,2086|7148|4470|
|正片|2|偏向故山行|491,0788|2,8881|1,6492|4877|2,1278|770|884|
|正片|16|大道朝天，各走一边|435,2048|4,0194|3,6752|7535|1,0894|947|3527|
|正片|11|养不熟的刘阿大|402,4525|2,0115|1,3211|3024|8820|372|906|
|正片|5|隔着漫天血花相对|398,9967|2,0642|1,4522|3478|7787|511|1106|
|正片|7|少年你意欲何为|357,0924|2,2441|1,6077|3232|7691|392|933|
|正片|4|剑归青山|447,2739|2,3255|1,4467|3858|7519|467|878|
|正片|3|公子只是怕麻烦|404,0292|2,2994|1,3790|3744|7385|448|803|
|正片|10|阴三是一个好名字|477,7124|2,4950|1,4699|4481|6500|653|1506|
|正片|9|原来你一直在这里|347,9019|1,9961|1,4145|2848|6290|408|1311|

### 数据可视化

![弹幕数TOP10](./images/弹幕数TOP10.png)

## 分享数TOP10

### 表格数据

|类型|集数|名称|播放量|点赞数|投币数|收藏数|弹幕数|分享数|评论数|
| :--: | :--: | :-------------: | --------: | :----: | -----: | -----: | -----: | -----: | -----: |
|正片|1|如果人生能重来|1807,4199|8,6801|3,6200|5,5826|4,2086|7148|4470|
|正片|16|大道朝天，各走一边|435,2048|4,0194|3,6752|7535|1,0894|947|3527|
|正片|2|偏向故山行|491,0788|2,8881|1,6492|4877|2,1278|770|884|
|正片|10|阴三是一个好名字|477,7124|2,4950|1,4699|4481|6500|653|1506|
|正片|5|隔着漫天血花相对|398,9967|2,0642|1,4522|3478|7787|511|1106|
|正片|4|剑归青山|447,2739|2,3255|1,4467|3858|7519|467|878|
|正片|3|公子只是怕麻烦|404,0292|2,2994|1,3790|3744|7385|448|803|
|正片|9|原来你一直在这里|347,9019|1,9961|1,4145|2848|6290|408|1311|
|正片|7|少年你意欲何为|357,0924|2,2441|1,6077|3232|7691|392|933|
|正片|6|人是我杀的|372,4791|2,3500|1,6161|3717|5969|373|767|

### 数据可视化

![分享数TOP10](./images/分享数TOP10.png)

## 评论数TOP10

### 表格数据

|类型|集数|名称|播放量|点赞数|投币数|收藏数|弹幕数|分享数|评论数|
| :--: | :--: | :-------------: | --------: | :----: | -----: | -----: | -----: | -----: | -----: |
|正片|1|如果人生能重来|1807,4199|8,6801|3,6200|5,5826|4,2086|7148|4470|
|正片|16|大道朝天，各走一边|435,2048|4,0194|3,6752|7535|1,0894|947|3527|
|正片|10|阴三是一个好名字|477,7124|2,4950|1,4699|4481|6500|653|1506|
|正片|9|原来你一直在这里|347,9019|1,9961|1,4145|2848|6290|408|1311|
|正片|5|隔着漫天血花相对|398,9967|2,0642|1,4522|3478|7787|511|1106|
|正片|8|我也是这么想的|338,6165|1,9074|1,2893|2730|6037|336|1014|
|正片|7|少年你意欲何为|357,0924|2,2441|1,6077|3232|7691|392|933|
|正片|11|养不熟的刘阿大|402,4525|2,0115|1,3211|3024|8820|372|906|
|正片|2|偏向故山行|491,0788|2,8881|1,6492|4877|2,1278|770|884|
|正片|4|剑归青山|447,2739|2,3255|1,4467|3858|7519|467|878|

### 数据可视化

![评论数TOP10](./images/评论数TOP10.png)

