## B站《大道朝天》动漫总数据统计(更新时间：2025-12-01 00:27:45)

### 表格数据

|类型|集数|名称|播放量|点赞数|投币数|收藏数|弹幕数|分享数|评论数|
| :--: | :--: | :-------------: | --------: | :----: | -----: | -----: | -----: | -----: | -----: |
|正片|1|如果人生能重来|1796,2317|8,6253|3,6001|5,5473|4,1973|7111|4440|
|正片|2|偏向故山行|487,7898|2,8751|1,6421|4850|2,1179|767|882|
|正片|3|公子只是怕麻烦|401,6605|2,2891|1,3726|3720|7350|446|801|
|正片|4|剑归青山|445,0283|2,3171|1,4403|3844|7493|465|875|
|正片|5|隔着漫天血花相对|396,7086|2,0538|1,4463|3467|7746|510|1104|
|正片|6|人是我杀的|370,2997|2,3413|1,6106|3710|5941|372|766|
|正片|7|少年你意欲何为|354,9776|2,2335|1,5997|3221|7662|390|933|
|正片|8|我也是这么想的|336,4979|1,8981|1,2837|2722|6010|335|1011|
|正片|9|原来你一直在这里|345,7403|1,9865|1,4082|2840|6260|405|1311|
|正片|10|阴三是一个好名字|475,3061|2,4848|1,4630|4460|6472|649|1504|
|正片|11|养不熟的刘阿大|400,1173|2,0006|1,3142|3013|8774|370|901|
|正片|12|千百年来皆如此|340,6729|1,8931|1,2360|2862|4492|323|852|
|正片|13|你们想死吗？|335,5054|1,7936|1,1452|2706|3895|263|666|
|正片|14|两个大魔头|322,0915|1,7644|1,1976|2455|4400|246|843|
|正片|15|我能想到最简单的事|322,0715|1,8521|1,2555|2991|4645|238|755|
|正片|16|大道朝天，各走一边|430,7491|3,9765|3,6338|7432|1,0774|936|3492|
|预告|发布会PV|满级大佬重生回到新手村|72,1151|2586|875|378|39|102|153|
|预告|火锅公路修仙动画|猫腻脑洞最大小说改编-《大道朝天》|316,3968|7683|3368|1522|1142|216|678|
|预告|终极PV|今日12:00开播|52,3601|1798|692|440|15|134|112|
|预告|ED《江畔夜游》正式发布！||22,3378|1008|220|152|16|55|70|
|预告|OP《大道朝天》正式发布！||27,0642|1680|300|331|91|93|184|
|预告|大道朝天角色PV——井九||18,4932|1096|160|206|63|125|138|
|预告|大道朝天角色PV——阴三||13,7700|766|76|73|24|23|83|
|预告|大道朝天角色PV——赵腊月||13,6230|828|121|74|26|28|137|
|预告|大道朝天角色PV——白鬼||12,4389|908|98|77|44|44|97|
|预告|大道朝天角色PV——柳十岁||12,4660|891|110|80|24|33|110|
|预告|大道朝天定档10月10日！||25,8858|2316|329|494|103|293|544|
|预告|PV2|大道朝天，各走一边。|28,9922|2532|345|623|190|309|503|
|预告|概念PV|踏上重回巅峰之路|27,4387|2489|268|323|79|205|441|
|预告|第1集预告||29,5711|743|80|48|12|17|36|
|预告|第2集预告||32,2922|771|221|143|10|15|17|
|预告|第3集预告||29,5022|780|162|111|2|17|13|
|预告|第4集预告||65,0031|2523|1176|370|28|52|239|
|预告|第5集预告||107,6189|3159|1414|554|29|77|198|
|预告|第6集预告||102,3102|3818|2146|725|35|81|287|
|预告|第7集预告||86,9082|2874|1234|339|38|37|200|
|预告|第8集预告||98,8098|3422|1707|526|85|46|339|
|预告|第9集预告||98,9269|3909|1804|612|43|62|321|
|预告|第10集预告||98,4442|4211|2187|591|65|48|361|
|预告|第11集预告||76,8627|3030|1304|374|29|27|197|
|预告|第12集预告||80,7363|2730|1028|242|35|39|120|
|预告|第13集预告||70,8150|2733|1169|319|33|28|126|
|预告|第14集预告||75,0214|3049|1181|309|32|44|123|
|预告|第15集预告||71,4315|2854|1065|307|40|31|162|
|预告|第16集预告||65,2075|3323|1439|310|39|23|176|
|特别花絮|鲛人起舞，来看！||3,7228|355|45|84|2|5|14|
|特别花絮|大道朝天，各走一边，|你走你的，别来烦我|1,7402|198|29|27|0|7|6|
|特别花絮|你已有取死之道！||7,9273|1518|70|102|5|13|54|
|特别花絮|你的伪装，毫无用处||9,3503|123|50|34|0|4|6|
|特别花絮|路见不平，只需一剑||12,9529|168|62|32|4|8|10|
|特别花絮|你们想死吗？||11,2883|145|61|24|4|2|4|
|特别花絮|井九训猫反被挠||19,4746|157|59|26|3|7|10|
|特别花絮|吃火锅=修仙？||16,7414|167|69|32|8|30|9|
|特别花絮|井九"携"腊月成功登顶神末峰||21,7002|332|126|82|1|12|19|
|特别花絮|井九开导腊月，神末传承再现||10,3602|190|56|24|1|7|2|
|特别花絮|我要为神末峰再续传承||19,7800|220|88|49|0|7|19|
|特别花絮|腊月前方开路，井九后头乘凉||10,4041|114|42|27|1|4|5|
|特别花絮|井九出手，技惊四座||29,0862|609|161|143|18|17|26|
|特别花絮|用最平淡的语气说最装的话||23,3335|789|105|95|13|18|46|
|特别花絮|寻仇？最开始有过几次|后来就没人敢了|10,4049|88|30|23|4|3|4|
|特别花絮|元骑鲸出手，压迫感拉满||17,7575|378|63|42|3|13|17|
|特别花絮|这一天，他与她隔着漫天血花相对||16,7983|394|67|45|3|9|21|
|特别花絮|我想说的是，你就不该离我这么近！||12,9346|159|49|31|2|5|18|
|特别花絮|你的剑不错，我取了||13,9723|165|57|47|11|7|12|
|特别花絮|我两忘峰弟子，不可以是一个仆人||11,9006|104|43|31|7|6|10|
|特别花絮|你们打你们的，我飞升我的||10,6078|98|44|28|2|7|7|
|特别花絮|这样大气的仙师请给我来十位！||11,2145|104|45|28|1|3|1|
|特别花絮|天生道种居然与人为仆！||8,8688|52|26|12|0|1|1|
|特别花絮|这一天，他感受到了来自学神的碾压||14,4770|155|56|27|1|2|9|
|特别花絮|此去经年自然忘却，不忘反不美||10,1668|84|35|17|0|4|1|
|特别花絮|PV|如果人生可以重来，我大概还是这样！|14,6386|222|57|61|3|30|77|
|汇总|||播放量|点赞数|投币数|收藏数|弹幕数|分享数|评论数|
|汇总| | |9745,8949|50,1447|29,4363|12,1592|15,7574|1,6361|1,6361|


## 播放量TOP10

### 表格数据

|类型|集数|名称|播放量|点赞数|投币数|收藏数|弹幕数|分享数|评论数|
| :--: | :--: | :-------------: | --------: | :----: | -----: | -----: | -----: | -----: | -----: |
|正片|1|如果人生能重来|1796,2317|8,6253|3,6001|5,5473|4,1973|7111|4440|
|正片|2|偏向故山行|487,7898|2,8751|1,6421|4850|2,1179|767|882|
|正片|10|阴三是一个好名字|475,3061|2,4848|1,4630|4460|6472|649|1504|
|正片|4|剑归青山|445,0283|2,3171|1,4403|3844|7493|465|875|
|正片|16|大道朝天，各走一边|430,7491|3,9765|3,6338|7432|1,0774|936|3492|
|正片|3|公子只是怕麻烦|401,6605|2,2891|1,3726|3720|7350|446|801|
|正片|11|养不熟的刘阿大|400,1173|2,0006|1,3142|3013|8774|370|901|
|正片|5|隔着漫天血花相对|396,7086|2,0538|1,4463|3467|7746|510|1104|
|正片|6|人是我杀的|370,2997|2,3413|1,6106|3710|5941|372|766|
|正片|7|少年你意欲何为|354,9776|2,2335|1,5997|3221|7662|390|933|

### 数据可视化

![播放量TOP10](./images/播放量TOP10.png)

## 点赞数TOP10

### 表格数据

|类型|集数|名称|播放量|点赞数|投币数|收藏数|弹幕数|分享数|评论数|
| :--: | :--: | :-------------: | --------: | :----: | -----: | -----: | -----: | -----: | -----: |
|正片|1|如果人生能重来|1796,2317|8,6253|3,6001|5,5473|4,1973|7111|4440|
|正片|16|大道朝天，各走一边|430,7491|3,9765|3,6338|7432|1,0774|936|3492|
|正片|2|偏向故山行|487,7898|2,8751|1,6421|4850|2,1179|767|882|
|正片|10|阴三是一个好名字|475,3061|2,4848|1,4630|4460|6472|649|1504|
|正片|6|人是我杀的|370,2997|2,3413|1,6106|3710|5941|372|766|
|正片|4|剑归青山|445,0283|2,3171|1,4403|3844|7493|465|875|
|正片|3|公子只是怕麻烦|401,6605|2,2891|1,3726|3720|7350|446|801|
|正片|7|少年你意欲何为|354,9776|2,2335|1,5997|3221|7662|390|933|
|正片|5|隔着漫天血花相对|396,7086|2,0538|1,4463|3467|7746|510|1104|
|正片|11|养不熟的刘阿大|400,1173|2,0006|1,3142|3013|8774|370|901|

### 数据可视化

![点赞数TOP10](./images/点赞数TOP10.png)

## 投币数TOP10

### 表格数据

|类型|集数|名称|播放量|点赞数|投币数|收藏数|弹幕数|分享数|评论数|
| :--: | :--: | :-------------: | --------: | :----: | -----: | -----: | -----: | -----: | -----: |
|正片|16|大道朝天，各走一边|430,7491|3,9765|3,6338|7432|1,0774|936|3492|
|正片|1|如果人生能重来|1796,2317|8,6253|3,6001|5,5473|4,1973|7111|4440|
|正片|2|偏向故山行|487,7898|2,8751|1,6421|4850|2,1179|767|882|
|正片|6|人是我杀的|370,2997|2,3413|1,6106|3710|5941|372|766|
|正片|7|少年你意欲何为|354,9776|2,2335|1,5997|3221|7662|390|933|
|正片|10|阴三是一个好名字|475,3061|2,4848|1,4630|4460|6472|649|1504|
|正片|5|隔着漫天血花相对|396,7086|2,0538|1,4463|3467|7746|510|1104|
|正片|4|剑归青山|445,0283|2,3171|1,4403|3844|7493|465|875|
|正片|9|原来你一直在这里|345,7403|1,9865|1,4082|2840|6260|405|1311|
|正片|3|公子只是怕麻烦|401,6605|2,2891|1,3726|3720|7350|446|801|

### 数据可视化

![投币数TOP10](./images/投币数TOP10.png)

## 收藏数TOP10

### 表格数据

|类型|集数|名称|播放量|点赞数|投币数|收藏数|弹幕数|分享数|评论数|
| :--: | :--: | :-------------: | --------: | :----: | -----: | -----: | -----: | -----: | -----: |
|正片|1|如果人生能重来|1796,2317|8,6253|3,6001|5,5473|4,1973|7111|4440|
|正片|16|大道朝天，各走一边|430,7491|3,9765|3,6338|7432|1,0774|936|3492|
|正片|2|偏向故山行|487,7898|2,8751|1,6421|4850|2,1179|767|882|
|正片|10|阴三是一个好名字|475,3061|2,4848|1,4630|4460|6472|649|1504|
|正片|4|剑归青山|445,0283|2,3171|1,4403|3844|7493|465|875|
|正片|3|公子只是怕麻烦|401,6605|2,2891|1,3726|3720|7350|446|801|
|正片|6|人是我杀的|370,2997|2,3413|1,6106|3710|5941|372|766|
|正片|5|隔着漫天血花相对|396,7086|2,0538|1,4463|3467|7746|510|1104|
|正片|7|少年你意欲何为|354,9776|2,2335|1,5997|3221|7662|390|933|
|正片|11|养不熟的刘阿大|400,1173|2,0006|1,3142|3013|8774|370|901|

### 数据可视化

![收藏数TOP10](./images/收藏数TOP10.png)

## 弹幕数TOP10

### 表格数据

|类型|集数|名称|播放量|点赞数|投币数|收藏数|弹幕数|分享数|评论数|
| :--: | :--: | :-------------: | --------: | :----: | -----: | -----: | -----: | -----: | -----: |
|正片|1|如果人生能重来|1796,2317|8,6253|3,6001|5,5473|4,1973|7111|4440|
|正片|2|偏向故山行|487,7898|2,8751|1,6421|4850|2,1179|767|882|
|正片|16|大道朝天，各走一边|430,7491|3,9765|3,6338|7432|1,0774|936|3492|
|正片|11|养不熟的刘阿大|400,1173|2,0006|1,3142|3013|8774|370|901|
|正片|5|隔着漫天血花相对|396,7086|2,0538|1,4463|3467|7746|510|1104|
|正片|7|少年你意欲何为|354,9776|2,2335|1,5997|3221|7662|390|933|
|正片|4|剑归青山|445,0283|2,3171|1,4403|3844|7493|465|875|
|正片|3|公子只是怕麻烦|401,6605|2,2891|1,3726|3720|7350|446|801|
|正片|10|阴三是一个好名字|475,3061|2,4848|1,4630|4460|6472|649|1504|
|正片|9|原来你一直在这里|345,7403|1,9865|1,4082|2840|6260|405|1311|

### 数据可视化

![弹幕数TOP10](./images/弹幕数TOP10.png)

## 分享数TOP10

### 表格数据

|类型|集数|名称|播放量|点赞数|投币数|收藏数|弹幕数|分享数|评论数|
| :--: | :--: | :-------------: | --------: | :----: | -----: | -----: | -----: | -----: | -----: |
|正片|1|如果人生能重来|1796,2317|8,6253|3,6001|5,5473|4,1973|7111|4440|
|正片|16|大道朝天，各走一边|430,7491|3,9765|3,6338|7432|1,0774|936|3492|
|正片|2|偏向故山行|487,7898|2,8751|1,6421|4850|2,1179|767|882|
|正片|10|阴三是一个好名字|475,3061|2,4848|1,4630|4460|6472|649|1504|
|正片|5|隔着漫天血花相对|396,7086|2,0538|1,4463|3467|7746|510|1104|
|正片|4|剑归青山|445,0283|2,3171|1,4403|3844|7493|465|875|
|正片|3|公子只是怕麻烦|401,6605|2,2891|1,3726|3720|7350|446|801|
|正片|9|原来你一直在这里|345,7403|1,9865|1,4082|2840|6260|405|1311|
|正片|7|少年你意欲何为|354,9776|2,2335|1,5997|3221|7662|390|933|
|正片|6|人是我杀的|370,2997|2,3413|1,6106|3710|5941|372|766|

### 数据可视化

![分享数TOP10](./images/分享数TOP10.png)

## 评论数TOP10

### 表格数据

|类型|集数|名称|播放量|点赞数|投币数|收藏数|弹幕数|分享数|评论数|
| :--: | :--: | :-------------: | --------: | :----: | -----: | -----: | -----: | -----: | -----: |
|正片|1|如果人生能重来|1796,2317|8,6253|3,6001|5,5473|4,1973|7111|4440|
|正片|16|大道朝天，各走一边|430,7491|3,9765|3,6338|7432|1,0774|936|3492|
|正片|10|阴三是一个好名字|475,3061|2,4848|1,4630|4460|6472|649|1504|
|正片|9|原来你一直在这里|345,7403|1,9865|1,4082|2840|6260|405|1311|
|正片|5|隔着漫天血花相对|396,7086|2,0538|1,4463|3467|7746|510|1104|
|正片|8|我也是这么想的|336,4979|1,8981|1,2837|2722|6010|335|1011|
|正片|7|少年你意欲何为|354,9776|2,2335|1,5997|3221|7662|390|933|
|正片|11|养不熟的刘阿大|400,1173|2,0006|1,3142|3013|8774|370|901|
|正片|2|偏向故山行|487,7898|2,8751|1,6421|4850|2,1179|767|882|
|正片|4|剑归青山|445,0283|2,3171|1,4403|3844|7493|465|875|

### 数据可视化

![评论数TOP10](./images/评论数TOP10.png)

