# B站《大道朝天》数据统计

![GitHub Actions Workflow Status](https://img.shields.io/github/actions/workflow/status/yansheng836/bilibili-43369/main.yml?style=flat&label=gen) ![GitHub commit activity](https://img.shields.io/github/commit-activity/m/yansheng836/bilibili-43369) [![GitHub Issues](https://img.shields.io/github/issues/yansheng836/bilibili-43369)](https://github.com/yansheng836/bilibili-43369/issues) [![GitHub Pull Requests](https://img.shields.io/github/issues-pr/yansheng836/bilibili-43369)](https://github.com/yansheng836/bilibili-43369/pulls) [![GitHub Tag](https://img.shields.io/github/v/tag/yansheng836/bilibili-43369)](https://github.com/yansheng836/bilibili-43369/tags) [![GitHub Release](https://img.shields.io/github/v/release/yansheng836/bilibili-43369)](https://github.com/yansheng836/bilibili-43369/releases) ![GitHub Repo stars](https://img.shields.io/github/stars/yansheng836/bilibili-43369) ![GitHub forks](https://img.shields.io/github/forks/yansheng836/bilibili-43369) [![Codacy Badge](https://app.codacy.com/project/badge/Grade/4460db83948f4592ab825e8e900ec79f)](https://app.codacy.com/gh/yansheng836/bilibili-43369/dashboard?utm_source=gh&utm_medium=referral&utm_content=&utm_campaign=Badge_grade) [![GitHub License](https://img.shields.io/github/license/yansheng836/bilibili-43369)](https://github.com/yansheng836/bilibili-43369/blob/main/LICENSE.txt)

B站《大道朝天》数据统计，并对部分TOP数据进行了可视化。每天晚上0点自动更新。

B站爬虫协议：<https://www.bilibili.com/robots.txt>，看了下本项目不违反该规则。如有侵权，请及时联系我进行删除。

GitHub：<https://github.com/yansheng836/bilibili-43369>

GitHub README详见：<https://github.com/yansheng836/bilibili-43369/blob/main/README2.md>

在线网站：<https://yansheng836.github.io/bilibili-43369>

## B站《大道朝天》动漫主页

B站《大道朝天》动漫主页：<https://www.bilibili.com/bangumi/media/md28339943>

总播放*9586.9万* 追番人数*108.7万* 弹幕总数*15.6万*（2025年11月13日22:23:32）

2024年10月10日开播 已完结, 全16话

简介：踏遍青山人未老，蓦然回首，那剑才下眉间，却在心间。朝天大陆内避居山村的井九，意外收得天生道种的柳十岁为书童。两人凭借机缘来到青山宗，却因为“平平无奇“的井九居然以“天赋卓绝”的天才柳十岁作为仆人，遭人非议。在承剑大会上，井九还结识了神末峰的三无少女赵腊月。“懒”得出奇的井九只想安安静静修行，殊不知命运却将三人卷入了巨大的江湖纷争……太虚之下，青山远不远？不远。

<!-- START_TOC_GENERATED -->

## B站《大道朝天》动漫总数据统计(更新时间：2025-11-27 00:31:12)

### 表格数据

|类型|集数|名称|播放量|点赞数|投币数|收藏数|弹幕数|分享数|评论数|
| :--: | :--: | :-------------: | --------: | :----: | -----: | -----: | -----: | -----: | -----: |
|正片|1|如果人生能重来|1789,5773|8,5905|3,5881|5,5172|4,1899|7095|4432|
|正片|2|偏向故山行|485,9064|2,8678|1,6363|4833|2,1114|762|880|
|正片|3|公子只是怕麻烦|400,2714|2,2841|1,3695|3715|7340|446|799|
|正片|4|剑归青山|443,6613|2,3125|1,4368|3837|7474|465|875|
|正片|5|隔着漫天血花相对|395,3620|2,0495|1,4439|3466|7731|507|1102|
|正片|6|人是我杀的|369,0090|2,3357|1,6064|3705|5928|372|766|
|正片|7|少年你意欲何为|353,7060|2,2274|1,5954|3218|7643|389|933|
|正片|8|我也是这么想的|335,2160|1,8934|1,2812|2717|5997|333|1011|
|正片|9|原来你一直在这里|344,4544|1,9818|1,4049|2837|6242|402|1310|
|正片|10|阴三是一个好名字|473,9041|2,4788|1,4587|4452|6448|647|1504|
|正片|11|养不熟的刘阿大|398,6579|1,9945|1,3118|3006|8735|368|901|
|正片|12|千百年来皆如此|338,9713|1,8835|1,2299|2843|4482|320|850|
|正片|13|你们想死吗？|333,9985|1,7888|1,1435|2703|3888|263|666|
|正片|14|两个大魔头|320,6217|1,7586|1,1934|2447|4391|241|839|
|正片|15|我能想到最简单的事|320,4332|1,8450|1,2518|2974|4628|238|752|
|正片|16|大道朝天，各走一边|428,0325|3,9497|3,6078|7371|1,0707|929|3470|
|预告|发布会PV|满级大佬重生回到新手村|72,0660|2582|875|376|39|102|153|
|预告|火锅公路修仙动画|猫腻脑洞最大小说改编-《大道朝天》|316,3275|7682|3368|1520|1142|216|678|
|预告|终极PV|今日12:00开播|52,3355|1798|692|439|15|133|112|
|预告|ED《江畔夜游》正式发布！||22,3153|1007|220|149|16|55|70|
|预告|OP《大道朝天》正式发布！||27,0042|1672|292|327|91|91|184|
|预告|大道朝天角色PV——井九||18,4852|1096|160|205|63|125|138|
|预告|大道朝天角色PV——阴三||13,7635|766|76|73|24|23|83|
|预告|大道朝天角色PV——赵腊月||13,6181|828|121|75|26|28|137|
|预告|大道朝天角色PV——白鬼||12,4355|908|98|77|43|44|97|
|预告|大道朝天角色PV——柳十岁||12,4629|891|110|80|24|33|110|
|预告|大道朝天定档10月10日！||25,8810|2316|329|494|103|293|544|
|预告|PV2|大道朝天，各走一边。|28,9864|2532|345|623|190|309|503|
|预告|概念PV|踏上重回巅峰之路|27,4319|2488|268|323|79|205|441|
|预告|第1集预告||29,4872|743|80|48|12|17|36|
|预告|第2集预告||32,0202|767|221|142|10|15|17|
|预告|第3集预告||29,3339|777|160|113|2|17|13|
|预告|第4集预告||64,8740|2523|1176|373|28|52|239|
|预告|第5集预告||107,4979|3158|1412|553|29|77|198|
|预告|第6集预告||102,1972|3818|2146|725|35|81|287|
|预告|第7集预告||86,7995|2874|1234|339|38|37|200|
|预告|第8集预告||98,6987|3422|1707|526|85|46|339|
|预告|第9集预告||98,8191|3909|1804|612|43|62|321|
|预告|第10集预告||98,3337|4211|2187|591|65|48|361|
|预告|第11集预告||76,7429|3029|1302|374|29|27|197|
|预告|第12集预告||80,6142|2729|1028|243|35|39|120|
|预告|第13集预告||70,7076|2733|1169|319|33|28|126|
|预告|第14集预告||74,9154|3049|1181|309|32|44|123|
|预告|第15集预告||71,3277|2854|1065|307|40|31|162|
|预告|第16集预告||65,0670|3323|1439|311|39|23|176|
|特别花絮|鲛人起舞，来看！||3,7083|355|45|83|2|5|14|
|特别花絮|大道朝天，各走一边，|你走你的，别来烦我|1,7319|198|29|27|0|7|6|
|特别花絮|你已有取死之道！||7,8966|1514|70|102|5|13|54|
|特别花絮|你的伪装，毫无用处||9,3430|123|50|34|0|4|6|
|特别花絮|路见不平，只需一剑||12,9459|167|62|31|4|8|10|
|特别花絮|你们想死吗？||11,2841|145|61|24|4|2|4|
|特别花絮|井九训猫反被挠||19,4710|157|59|26|3|7|10|
|特别花絮|吃火锅=修仙？||16,7386|167|69|32|8|30|9|
|特别花絮|井九"携"腊月成功登顶神末峰||21,6904|332|126|82|1|12|19|
|特别花絮|井九开导腊月，神末传承再现||10,3554|190|56|24|1|7|2|
|特别花絮|我要为神末峰再续传承||19,7771|220|88|49|0|7|19|
|特别花絮|腊月前方开路，井九后头乘凉||10,4009|114|42|27|1|4|5|
|特别花絮|井九出手，技惊四座||29,0737|609|161|142|18|17|26|
|特别花絮|用最平淡的语气说最装的话||23,3235|789|105|95|13|18|45|
|特别花絮|寻仇？最开始有过几次|后来就没人敢了|10,4019|88|30|23|4|3|4|
|特别花絮|元骑鲸出手，压迫感拉满||17,7460|378|63|42|3|13|17|
|特别花絮|这一天，他与她隔着漫天血花相对||16,7935|394|67|45|3|9|21|
|特别花絮|我想说的是，你就不该离我这么近！||12,9311|159|49|31|2|5|18|
|特别花絮|你的剑不错，我取了||13,9702|165|57|47|11|7|12|
|特别花絮|我两忘峰弟子，不可以是一个仆人||11,8979|104|43|31|7|6|10|
|特别花絮|你们打你们的，我飞升我的||10,6057|98|44|28|2|7|7|
|特别花絮|这样大气的仙师请给我来十位！||11,2120|104|45|28|1|3|1|
|特别花絮|天生道种居然与人为仆！||8,8661|52|26|12|0|1|1|
|特别花絮|这一天，他感受到了来自学神的碾压||14,4747|155|56|27|1|2|9|
|特别花絮|此去经年自然忘却，不忘反不美||10,1615|83|35|17|0|4|1|
|特别花絮|PV|如果人生可以重来，我大概还是这样！|14,6324|222|57|61|3|30|77|
|汇总|||播放量|点赞数|投币数|收藏数|弹幕数|分享数|评论数|
|汇总| | |9713,7656|49,9983|29,3454|12,1112|15,7154|1,6309|1,6309|


## 播放量TOP10

### 表格数据

|类型|集数|名称|播放量|点赞数|投币数|收藏数|弹幕数|分享数|评论数|
| :--: | :--: | :-------------: | --------: | :----: | -----: | -----: | -----: | -----: | -----: |
|正片|1|如果人生能重来|1789,5773|8,5905|3,5881|5,5172|4,1899|7095|4432|
|正片|2|偏向故山行|485,9064|2,8678|1,6363|4833|2,1114|762|880|
|正片|10|阴三是一个好名字|473,9041|2,4788|1,4587|4452|6448|647|1504|
|正片|4|剑归青山|443,6613|2,3125|1,4368|3837|7474|465|875|
|正片|16|大道朝天，各走一边|428,0325|3,9497|3,6078|7371|1,0707|929|3470|
|正片|3|公子只是怕麻烦|400,2714|2,2841|1,3695|3715|7340|446|799|
|正片|11|养不熟的刘阿大|398,6579|1,9945|1,3118|3006|8735|368|901|
|正片|5|隔着漫天血花相对|395,3620|2,0495|1,4439|3466|7731|507|1102|
|正片|6|人是我杀的|369,0090|2,3357|1,6064|3705|5928|372|766|
|正片|7|少年你意欲何为|353,7060|2,2274|1,5954|3218|7643|389|933|

### 数据可视化

![播放量TOP10](./images/播放量TOP10.png)

## 点赞数TOP10

### 表格数据

|类型|集数|名称|播放量|点赞数|投币数|收藏数|弹幕数|分享数|评论数|
| :--: | :--: | :-------------: | --------: | :----: | -----: | -----: | -----: | -----: | -----: |
|正片|1|如果人生能重来|1789,5773|8,5905|3,5881|5,5172|4,1899|7095|4432|
|正片|16|大道朝天，各走一边|428,0325|3,9497|3,6078|7371|1,0707|929|3470|
|正片|2|偏向故山行|485,9064|2,8678|1,6363|4833|2,1114|762|880|
|正片|10|阴三是一个好名字|473,9041|2,4788|1,4587|4452|6448|647|1504|
|正片|6|人是我杀的|369,0090|2,3357|1,6064|3705|5928|372|766|
|正片|4|剑归青山|443,6613|2,3125|1,4368|3837|7474|465|875|
|正片|3|公子只是怕麻烦|400,2714|2,2841|1,3695|3715|7340|446|799|
|正片|7|少年你意欲何为|353,7060|2,2274|1,5954|3218|7643|389|933|
|正片|5|隔着漫天血花相对|395,3620|2,0495|1,4439|3466|7731|507|1102|
|正片|11|养不熟的刘阿大|398,6579|1,9945|1,3118|3006|8735|368|901|

### 数据可视化

![点赞数TOP10](./images/点赞数TOP10.png)

## 投币数TOP10

### 表格数据

|类型|集数|名称|播放量|点赞数|投币数|收藏数|弹幕数|分享数|评论数|
| :--: | :--: | :-------------: | --------: | :----: | -----: | -----: | -----: | -----: | -----: |
|正片|16|大道朝天，各走一边|428,0325|3,9497|3,6078|7371|1,0707|929|3470|
|正片|1|如果人生能重来|1789,5773|8,5905|3,5881|5,5172|4,1899|7095|4432|
|正片|2|偏向故山行|485,9064|2,8678|1,6363|4833|2,1114|762|880|
|正片|6|人是我杀的|369,0090|2,3357|1,6064|3705|5928|372|766|
|正片|7|少年你意欲何为|353,7060|2,2274|1,5954|3218|7643|389|933|
|正片|10|阴三是一个好名字|473,9041|2,4788|1,4587|4452|6448|647|1504|
|正片|5|隔着漫天血花相对|395,3620|2,0495|1,4439|3466|7731|507|1102|
|正片|4|剑归青山|443,6613|2,3125|1,4368|3837|7474|465|875|
|正片|9|原来你一直在这里|344,4544|1,9818|1,4049|2837|6242|402|1310|
|正片|3|公子只是怕麻烦|400,2714|2,2841|1,3695|3715|7340|446|799|

### 数据可视化

![投币数TOP10](./images/投币数TOP10.png)

## 收藏数TOP10

### 表格数据

|类型|集数|名称|播放量|点赞数|投币数|收藏数|弹幕数|分享数|评论数|
| :--: | :--: | :-------------: | --------: | :----: | -----: | -----: | -----: | -----: | -----: |
|正片|1|如果人生能重来|1789,5773|8,5905|3,5881|5,5172|4,1899|7095|4432|
|正片|16|大道朝天，各走一边|428,0325|3,9497|3,6078|7371|1,0707|929|3470|
|正片|2|偏向故山行|485,9064|2,8678|1,6363|4833|2,1114|762|880|
|正片|10|阴三是一个好名字|473,9041|2,4788|1,4587|4452|6448|647|1504|
|正片|4|剑归青山|443,6613|2,3125|1,4368|3837|7474|465|875|
|正片|3|公子只是怕麻烦|400,2714|2,2841|1,3695|3715|7340|446|799|
|正片|6|人是我杀的|369,0090|2,3357|1,6064|3705|5928|372|766|
|正片|5|隔着漫天血花相对|395,3620|2,0495|1,4439|3466|7731|507|1102|
|正片|7|少年你意欲何为|353,7060|2,2274|1,5954|3218|7643|389|933|
|正片|11|养不熟的刘阿大|398,6579|1,9945|1,3118|3006|8735|368|901|

### 数据可视化

![收藏数TOP10](./images/收藏数TOP10.png)

## 弹幕数TOP10

### 表格数据

|类型|集数|名称|播放量|点赞数|投币数|收藏数|弹幕数|分享数|评论数|
| :--: | :--: | :-------------: | --------: | :----: | -----: | -----: | -----: | -----: | -----: |
|正片|1|如果人生能重来|1789,5773|8,5905|3,5881|5,5172|4,1899|7095|4432|
|正片|2|偏向故山行|485,9064|2,8678|1,6363|4833|2,1114|762|880|
|正片|16|大道朝天，各走一边|428,0325|3,9497|3,6078|7371|1,0707|929|3470|
|正片|11|养不熟的刘阿大|398,6579|1,9945|1,3118|3006|8735|368|901|
|正片|5|隔着漫天血花相对|395,3620|2,0495|1,4439|3466|7731|507|1102|
|正片|7|少年你意欲何为|353,7060|2,2274|1,5954|3218|7643|389|933|
|正片|4|剑归青山|443,6613|2,3125|1,4368|3837|7474|465|875|
|正片|3|公子只是怕麻烦|400,2714|2,2841|1,3695|3715|7340|446|799|
|正片|10|阴三是一个好名字|473,9041|2,4788|1,4587|4452|6448|647|1504|
|正片|9|原来你一直在这里|344,4544|1,9818|1,4049|2837|6242|402|1310|

### 数据可视化

![弹幕数TOP10](./images/弹幕数TOP10.png)

## 分享数TOP10

### 表格数据

|类型|集数|名称|播放量|点赞数|投币数|收藏数|弹幕数|分享数|评论数|
| :--: | :--: | :-------------: | --------: | :----: | -----: | -----: | -----: | -----: | -----: |
|正片|1|如果人生能重来|1789,5773|8,5905|3,5881|5,5172|4,1899|7095|4432|
|正片|16|大道朝天，各走一边|428,0325|3,9497|3,6078|7371|1,0707|929|3470|
|正片|2|偏向故山行|485,9064|2,8678|1,6363|4833|2,1114|762|880|
|正片|10|阴三是一个好名字|473,9041|2,4788|1,4587|4452|6448|647|1504|
|正片|5|隔着漫天血花相对|395,3620|2,0495|1,4439|3466|7731|507|1102|
|正片|4|剑归青山|443,6613|2,3125|1,4368|3837|7474|465|875|
|正片|3|公子只是怕麻烦|400,2714|2,2841|1,3695|3715|7340|446|799|
|正片|9|原来你一直在这里|344,4544|1,9818|1,4049|2837|6242|402|1310|
|正片|7|少年你意欲何为|353,7060|2,2274|1,5954|3218|7643|389|933|
|正片|6|人是我杀的|369,0090|2,3357|1,6064|3705|5928|372|766|

### 数据可视化

![分享数TOP10](./images/分享数TOP10.png)

## 评论数TOP10

### 表格数据

|类型|集数|名称|播放量|点赞数|投币数|收藏数|弹幕数|分享数|评论数|
| :--: | :--: | :-------------: | --------: | :----: | -----: | -----: | -----: | -----: | -----: |
|正片|1|如果人生能重来|1789,5773|8,5905|3,5881|5,5172|4,1899|7095|4432|
|正片|16|大道朝天，各走一边|428,0325|3,9497|3,6078|7371|1,0707|929|3470|
|正片|10|阴三是一个好名字|473,9041|2,4788|1,4587|4452|6448|647|1504|
|正片|9|原来你一直在这里|344,4544|1,9818|1,4049|2837|6242|402|1310|
|正片|5|隔着漫天血花相对|395,3620|2,0495|1,4439|3466|7731|507|1102|
|正片|8|我也是这么想的|335,2160|1,8934|1,2812|2717|5997|333|1011|
|正片|7|少年你意欲何为|353,7060|2,2274|1,5954|3218|7643|389|933|
|正片|11|养不熟的刘阿大|398,6579|1,9945|1,3118|3006|8735|368|901|
|正片|2|偏向故山行|485,9064|2,8678|1,6363|4833|2,1114|762|880|
|正片|4|剑归青山|443,6613|2,3125|1,4368|3837|7474|465|875|

### 数据可视化

![评论数TOP10](./images/评论数TOP10.png)

<!-- END_TOC_GENERATED -->
