# B站《大道朝天》数据统计

![GitHub Actions Workflow Status](https://img.shields.io/github/actions/workflow/status/yansheng836/bilibili-43369/main.yml?style=flat&label=gen) ![GitHub commit activity](https://img.shields.io/github/commit-activity/m/yansheng836/bilibili-43369) [![GitHub Issues](https://img.shields.io/github/issues/yansheng836/bilibili-43369)](https://github.com/yansheng836/bilibili-43369/issues) [![GitHub Pull Requests](https://img.shields.io/github/issues-pr/yansheng836/bilibili-43369)](https://github.com/yansheng836/bilibili-43369/pulls) [![GitHub Tag](https://img.shields.io/github/v/tag/yansheng836/bilibili-43369)](https://github.com/yansheng836/bilibili-43369/tags) [![GitHub Release](https://img.shields.io/github/v/release/yansheng836/bilibili-43369)](https://github.com/yansheng836/bilibili-43369/releases) ![GitHub Repo stars](https://img.shields.io/github/stars/yansheng836/bilibili-43369) ![GitHub forks](https://img.shields.io/github/forks/yansheng836/bilibili-43369) [![Codacy Badge](https://app.codacy.com/project/badge/Grade/4460db83948f4592ab825e8e900ec79f)](https://app.codacy.com/gh/yansheng836/bilibili-43369/dashboard?utm_source=gh&utm_medium=referral&utm_content=&utm_campaign=Badge_grade) [![GitHub License](https://img.shields.io/github/license/yansheng836/bilibili-43369)](https://github.com/yansheng836/bilibili-43369/blob/main/LICENSE.txt)

B站《大道朝天》数据统计，并对部分TOP数据进行了可视化。每天晚上0点自动更新。

B站爬虫协议：<https://www.bilibili.com/robots.txt>，看了下本项目不违反该规则。如有侵权，请及时联系我进行删除。

GitHub：<https://github.com/yansheng836/bilibili-43369>

GitHub README详见：<https://github.com/yansheng836/bilibili-43369/blob/main/README2.md>

在线网站：<https://yansheng836.github.io/bilibili-43369>

## B站《大道朝天》动漫主页

B站《大道朝天》动漫主页：<https://www.bilibili.com/bangumi/media/md28339943>

总播放*9586.9万* 追番人数*108.7万* 弹幕总数*15.6万*（2025年11月13日22:23:32）

2024年10月10日开播 已完结, 全16话

简介：踏遍青山人未老，蓦然回首，那剑才下眉间，却在心间。朝天大陆内避居山村的井九，意外收得天生道种的柳十岁为书童。两人凭借机缘来到青山宗，却因为“平平无奇“的井九居然以“天赋卓绝”的天才柳十岁作为仆人，遭人非议。在承剑大会上，井九还结识了神末峰的三无少女赵腊月。“懒”得出奇的井九只想安安静静修行，殊不知命运却将三人卷入了巨大的江湖纷争……太虚之下，青山远不远？不远。

<!-- START_TOC_GENERATED -->

## B站《大道朝天》动漫总数据统计(更新时间：2025-11-18 00:32:11)

### 表格数据

|类型|集数|名称|播放量|点赞数|投币数|收藏数|弹幕数|分享数|评论数|
| :--: | :--: | :-------------: | --------: | :----: | -----: | -----: | -----: | -----: | -----: |
|正片|1|如果人生能重来|1774,8741|8,5188|3,5628|5,4585|4,1745|7053|4414|
|正片|2|偏向故山行|479,5036|2,8509|1,6255|4799|2,0964|756|874|
|正片|3|公子只是怕麻烦|396,8927|2,2711|1,3602|3693|7312|443|796|
|正片|4|剑归青山|440,3064|2,3010|1,4284|3822|7434|462|874|
|正片|5|隔着漫天血花相对|391,9570|2,0383|1,4366|3453|7688|502|1101|
|正片|6|人是我杀的|365,7922|2,3263|1,5979|3692|5880|372|765|
|正片|7|少年你意欲何为|350,5825|2,2160|1,5860|3209|7603|388|932|
|正片|8|我也是这么想的|332,0467|1,8845|1,2749|2707|5955|333|1010|
|正片|9|原来你一直在这里|341,2787|1,9732|1,3996|2833|6217|401|1308|
|正片|10|阴三是一个好名字|470,3896|2,4653|1,4498|4442|6419|646|1501|
|正片|11|养不熟的刘阿大|395,1981|1,9817|1,3038|2996|8661|367|901|
|正片|12|千百年来皆如此|335,3777|1,8676|1,2203|2831|4464|320|849|
|正片|13|你们想死吗？|330,4485|1,7753|1,1343|2676|3863|262|666|
|正片|14|两个大魔头|317,2421|1,7459|1,1844|2429|4378|240|838|
|正片|15|我能想到最简单的事|316,1869|1,8273|1,2397|2906|4605|235|747|
|正片|16|大道朝天，各走一边|422,2083|3,9015|3,5639|7246|1,0563|909|3418|
|预告|发布会PV|满级大佬重生回到新手村|71,9620|2575|869|375|39|100|153|
|预告|火锅公路修仙动画|猫腻脑洞最大小说改编-《大道朝天》|316,1867|7680|3366|1522|1141|216|677|
|预告|终极PV|今日12:00开播|52,2754|1794|690|440|15|133|111|
|预告|ED《江畔夜游》正式发布！||22,2486|999|217|146|16|55|69|
|预告|OP《大道朝天》正式发布！||26,8152|1659|284|322|91|91|179|
|预告|大道朝天角色PV——井九||18,4604|1094|160|205|63|125|138|
|预告|大道朝天角色PV——阴三||13,7458|765|74|72|24|23|83|
|预告|大道朝天角色PV——赵腊月||13,6019|827|120|75|26|28|136|
|预告|大道朝天角色PV——白鬼||12,4235|908|98|77|43|44|97|
|预告|大道朝天角色PV——柳十岁||12,4513|891|110|80|24|33|110|
|预告|大道朝天定档10月10日！||25,8663|2316|329|495|103|293|544|
|预告|PV2|大道朝天，各走一边。|28,9699|2532|345|626|190|309|503|
|预告|概念PV|踏上重回巅峰之路|27,4095|2488|268|322|79|205|441|
|预告|第1集预告||29,4253|742|80|48|12|17|36|
|预告|第2集预告||31,3577|761|215|140|10|14|17|
|预告|第3集预告||28,9440|771|154|113|2|16|13|
|预告|第4集预告||64,5726|2521|1172|372|28|52|239|
|预告|第5集预告||107,2206|3156|1412|552|29|77|198|
|预告|第6集预告||101,9340|3814|2146|725|35|81|287|
|预告|第7集预告||86,5507|2872|1234|340|38|37|199|
|预告|第8集预告||98,4517|3421|1707|528|85|46|339|
|预告|第9集预告||98,5769|3907|1804|612|43|62|321|
|预告|第10集预告||98,0914|4208|2187|591|65|48|361|
|预告|第11集预告||76,4957|3026|1302|374|29|27|197|
|预告|第12集预告||80,3663|2727|1028|243|35|39|120|
|预告|第13集预告||70,4700|2730|1169|319|33|28|126|
|预告|第14集预告||74,6837|3047|1181|309|32|44|123|
|预告|第15集预告||71,0965|2851|1065|308|40|31|162|
|预告|第16集预告||64,7627|3321|1438|310|38|23|174|
|特别花絮|鲛人起舞，来看！||3,6758|353|43|81|2|5|14|
|特别花絮|大道朝天，各走一边，|你走你的，别来烦我|1,7079|198|29|27|0|7|6|
|特别花絮|你已有取死之道！||7,8222|1513|70|102|5|13|54|
|特别花絮|你的伪装，毫无用处||9,3233|122|50|34|0|4|6|
|特别花絮|路见不平，只需一剑||12,9273|166|62|31|4|8|10|
|特别花絮|你们想死吗？||11,2731|144|61|24|4|2|4|
|特别花絮|井九训猫反被挠||19,4593|156|59|26|3|7|10|
|特别花絮|吃火锅=修仙？||16,7285|167|69|32|8|30|9|
|特别花絮|井九"携"腊月成功登顶神末峰||21,6558|329|124|82|1|12|19|
|特别花絮|井九开导腊月，神末传承再现||10,3435|190|56|24|1|7|2|
|特别花絮|我要为神末峰再续传承||19,7675|220|88|49|0|7|19|
|特别花絮|腊月前方开路，井九后头乘凉||10,3918|114|42|27|1|4|5|
|特别花絮|井九出手，技惊四座||29,0495|609|161|140|18|17|26|
|特别花絮|用最平淡的语气说最装的话||23,2930|784|105|95|12|18|44|
|特别花絮|寻仇？最开始有过几次|后来就没人敢了|10,3938|87|30|23|4|3|4|
|特别花絮|元骑鲸出手，压迫感拉满||17,7260|378|63|42|3|13|17|
|特别花絮|这一天，他与她隔着漫天血花相对||16,7823|394|67|45|3|9|21|
|特别花絮|我想说的是，你就不该离我这么近！||12,9223|159|49|31|2|5|18|
|特别花絮|你的剑不错，我取了||13,9618|164|57|47|11|7|12|
|特别花絮|我两忘峰弟子，不可以是一个仆人||11,8872|104|43|31|7|6|10|
|特别花絮|你们打你们的，我飞升我的||10,5977|98|44|28|2|7|7|
|特别花絮|这样大气的仙师请给我来十位！||11,2044|103|45|28|1|3|1|
|特别花絮|天生道种居然与人为仆！||8,8583|51|26|12|0|1|1|
|特别花絮|这一天，他感受到了来自学神的碾压||14,4673|154|56|27|1|2|9|
|特别花絮|此去经年自然忘却，不忘反不美||10,1483|83|35|16|0|4|1|
|特别花絮|PV|如果人生可以重来，我大概还是这样！|14,6164|222|57|61|3|30|77|
|汇总|||播放量|点赞数|投币数|收藏数|弹幕数|分享数|评论数|
|汇总| | |9636,6857|49,6912|29,1496|12,0125|15,6255|1,6217|1,6217|


## 播放量TOP10

### 表格数据

|类型|集数|名称|播放量|点赞数|投币数|收藏数|弹幕数|分享数|评论数|
| :--: | :--: | :-------------: | --------: | :----: | -----: | -----: | -----: | -----: | -----: |
|正片|1|如果人生能重来|1774,8741|8,5188|3,5628|5,4585|4,1745|7053|4414|
|正片|2|偏向故山行|479,5036|2,8509|1,6255|4799|2,0964|756|874|
|正片|10|阴三是一个好名字|470,3896|2,4653|1,4498|4442|6419|646|1501|
|正片|4|剑归青山|440,3064|2,3010|1,4284|3822|7434|462|874|
|正片|16|大道朝天，各走一边|422,2083|3,9015|3,5639|7246|1,0563|909|3418|
|正片|3|公子只是怕麻烦|396,8927|2,2711|1,3602|3693|7312|443|796|
|正片|11|养不熟的刘阿大|395,1981|1,9817|1,3038|2996|8661|367|901|
|正片|5|隔着漫天血花相对|391,9570|2,0383|1,4366|3453|7688|502|1101|
|正片|6|人是我杀的|365,7922|2,3263|1,5979|3692|5880|372|765|
|正片|7|少年你意欲何为|350,5825|2,2160|1,5860|3209|7603|388|932|

### 数据可视化

![播放量TOP10](./images/播放量TOP10.png)

## 点赞数TOP10

### 表格数据

|类型|集数|名称|播放量|点赞数|投币数|收藏数|弹幕数|分享数|评论数|
| :--: | :--: | :-------------: | --------: | :----: | -----: | -----: | -----: | -----: | -----: |
|正片|1|如果人生能重来|1774,8741|8,5188|3,5628|5,4585|4,1745|7053|4414|
|正片|16|大道朝天，各走一边|422,2083|3,9015|3,5639|7246|1,0563|909|3418|
|正片|2|偏向故山行|479,5036|2,8509|1,6255|4799|2,0964|756|874|
|正片|10|阴三是一个好名字|470,3896|2,4653|1,4498|4442|6419|646|1501|
|正片|6|人是我杀的|365,7922|2,3263|1,5979|3692|5880|372|765|
|正片|4|剑归青山|440,3064|2,3010|1,4284|3822|7434|462|874|
|正片|3|公子只是怕麻烦|396,8927|2,2711|1,3602|3693|7312|443|796|
|正片|7|少年你意欲何为|350,5825|2,2160|1,5860|3209|7603|388|932|
|正片|5|隔着漫天血花相对|391,9570|2,0383|1,4366|3453|7688|502|1101|
|正片|11|养不熟的刘阿大|395,1981|1,9817|1,3038|2996|8661|367|901|

### 数据可视化

![点赞数TOP10](./images/点赞数TOP10.png)

## 投币数TOP10

### 表格数据

|类型|集数|名称|播放量|点赞数|投币数|收藏数|弹幕数|分享数|评论数|
| :--: | :--: | :-------------: | --------: | :----: | -----: | -----: | -----: | -----: | -----: |
|正片|16|大道朝天，各走一边|422,2083|3,9015|3,5639|7246|1,0563|909|3418|
|正片|1|如果人生能重来|1774,8741|8,5188|3,5628|5,4585|4,1745|7053|4414|
|正片|2|偏向故山行|479,5036|2,8509|1,6255|4799|2,0964|756|874|
|正片|6|人是我杀的|365,7922|2,3263|1,5979|3692|5880|372|765|
|正片|7|少年你意欲何为|350,5825|2,2160|1,5860|3209|7603|388|932|
|正片|10|阴三是一个好名字|470,3896|2,4653|1,4498|4442|6419|646|1501|
|正片|5|隔着漫天血花相对|391,9570|2,0383|1,4366|3453|7688|502|1101|
|正片|4|剑归青山|440,3064|2,3010|1,4284|3822|7434|462|874|
|正片|9|原来你一直在这里|341,2787|1,9732|1,3996|2833|6217|401|1308|
|正片|3|公子只是怕麻烦|396,8927|2,2711|1,3602|3693|7312|443|796|

### 数据可视化

![投币数TOP10](./images/投币数TOP10.png)

## 收藏数TOP10

### 表格数据

|类型|集数|名称|播放量|点赞数|投币数|收藏数|弹幕数|分享数|评论数|
| :--: | :--: | :-------------: | --------: | :----: | -----: | -----: | -----: | -----: | -----: |
|正片|1|如果人生能重来|1774,8741|8,5188|3,5628|5,4585|4,1745|7053|4414|
|正片|16|大道朝天，各走一边|422,2083|3,9015|3,5639|7246|1,0563|909|3418|
|正片|2|偏向故山行|479,5036|2,8509|1,6255|4799|2,0964|756|874|
|正片|10|阴三是一个好名字|470,3896|2,4653|1,4498|4442|6419|646|1501|
|正片|4|剑归青山|440,3064|2,3010|1,4284|3822|7434|462|874|
|正片|3|公子只是怕麻烦|396,8927|2,2711|1,3602|3693|7312|443|796|
|正片|6|人是我杀的|365,7922|2,3263|1,5979|3692|5880|372|765|
|正片|5|隔着漫天血花相对|391,9570|2,0383|1,4366|3453|7688|502|1101|
|正片|7|少年你意欲何为|350,5825|2,2160|1,5860|3209|7603|388|932|
|正片|11|养不熟的刘阿大|395,1981|1,9817|1,3038|2996|8661|367|901|

### 数据可视化

![收藏数TOP10](./images/收藏数TOP10.png)

## 弹幕数TOP10

### 表格数据

|类型|集数|名称|播放量|点赞数|投币数|收藏数|弹幕数|分享数|评论数|
| :--: | :--: | :-------------: | --------: | :----: | -----: | -----: | -----: | -----: | -----: |
|正片|1|如果人生能重来|1774,8741|8,5188|3,5628|5,4585|4,1745|7053|4414|
|正片|2|偏向故山行|479,5036|2,8509|1,6255|4799|2,0964|756|874|
|正片|16|大道朝天，各走一边|422,2083|3,9015|3,5639|7246|1,0563|909|3418|
|正片|11|养不熟的刘阿大|395,1981|1,9817|1,3038|2996|8661|367|901|
|正片|5|隔着漫天血花相对|391,9570|2,0383|1,4366|3453|7688|502|1101|
|正片|7|少年你意欲何为|350,5825|2,2160|1,5860|3209|7603|388|932|
|正片|4|剑归青山|440,3064|2,3010|1,4284|3822|7434|462|874|
|正片|3|公子只是怕麻烦|396,8927|2,2711|1,3602|3693|7312|443|796|
|正片|10|阴三是一个好名字|470,3896|2,4653|1,4498|4442|6419|646|1501|
|正片|9|原来你一直在这里|341,2787|1,9732|1,3996|2833|6217|401|1308|

### 数据可视化

![弹幕数TOP10](./images/弹幕数TOP10.png)

## 分享数TOP10

### 表格数据

|类型|集数|名称|播放量|点赞数|投币数|收藏数|弹幕数|分享数|评论数|
| :--: | :--: | :-------------: | --------: | :----: | -----: | -----: | -----: | -----: | -----: |
|正片|1|如果人生能重来|1774,8741|8,5188|3,5628|5,4585|4,1745|7053|4414|
|正片|16|大道朝天，各走一边|422,2083|3,9015|3,5639|7246|1,0563|909|3418|
|正片|2|偏向故山行|479,5036|2,8509|1,6255|4799|2,0964|756|874|
|正片|10|阴三是一个好名字|470,3896|2,4653|1,4498|4442|6419|646|1501|
|正片|5|隔着漫天血花相对|391,9570|2,0383|1,4366|3453|7688|502|1101|
|正片|4|剑归青山|440,3064|2,3010|1,4284|3822|7434|462|874|
|正片|3|公子只是怕麻烦|396,8927|2,2711|1,3602|3693|7312|443|796|
|正片|9|原来你一直在这里|341,2787|1,9732|1,3996|2833|6217|401|1308|
|正片|7|少年你意欲何为|350,5825|2,2160|1,5860|3209|7603|388|932|
|正片|6|人是我杀的|365,7922|2,3263|1,5979|3692|5880|372|765|

### 数据可视化

![分享数TOP10](./images/分享数TOP10.png)

## 评论数TOP10

### 表格数据

|类型|集数|名称|播放量|点赞数|投币数|收藏数|弹幕数|分享数|评论数|
| :--: | :--: | :-------------: | --------: | :----: | -----: | -----: | -----: | -----: | -----: |
|正片|1|如果人生能重来|1774,8741|8,5188|3,5628|5,4585|4,1745|7053|4414|
|正片|16|大道朝天，各走一边|422,2083|3,9015|3,5639|7246|1,0563|909|3418|
|正片|10|阴三是一个好名字|470,3896|2,4653|1,4498|4442|6419|646|1501|
|正片|9|原来你一直在这里|341,2787|1,9732|1,3996|2833|6217|401|1308|
|正片|5|隔着漫天血花相对|391,9570|2,0383|1,4366|3453|7688|502|1101|
|正片|8|我也是这么想的|332,0467|1,8845|1,2749|2707|5955|333|1010|
|正片|7|少年你意欲何为|350,5825|2,2160|1,5860|3209|7603|388|932|
|正片|11|养不熟的刘阿大|395,1981|1,9817|1,3038|2996|8661|367|901|
|正片|2|偏向故山行|479,5036|2,8509|1,6255|4799|2,0964|756|874|
|正片|4|剑归青山|440,3064|2,3010|1,4284|3822|7434|462|874|

### 数据可视化

![评论数TOP10](./images/评论数TOP10.png)

<!-- END_TOC_GENERATED -->
