# B站《大道朝天》数据统计

![GitHub Actions Workflow Status](https://img.shields.io/github/actions/workflow/status/yansheng836/bilibili-43369/main.yml?style=flat&label=gen) ![GitHub commit activity](https://img.shields.io/github/commit-activity/m/yansheng836/bilibili-43369) [![GitHub Issues](https://img.shields.io/github/issues/yansheng836/bilibili-43369)](https://github.com/yansheng836/bilibili-43369/issues) [![GitHub Pull Requests](https://img.shields.io/github/issues-pr/yansheng836/bilibili-43369)](https://github.com/yansheng836/bilibili-43369/pulls) [![GitHub Tag](https://img.shields.io/github/v/tag/yansheng836/bilibili-43369)](https://github.com/yansheng836/bilibili-43369/tags) [![GitHub Release](https://img.shields.io/github/v/release/yansheng836/bilibili-43369)](https://github.com/yansheng836/bilibili-43369/releases) ![GitHub Repo stars](https://img.shields.io/github/stars/yansheng836/bilibili-43369) ![GitHub forks](https://img.shields.io/github/forks/yansheng836/bilibili-43369) [![Codacy Badge](https://app.codacy.com/project/badge/Grade/4460db83948f4592ab825e8e900ec79f)](https://app.codacy.com/gh/yansheng836/bilibili-43369/dashboard?utm_source=gh&utm_medium=referral&utm_content=&utm_campaign=Badge_grade) [![GitHub License](https://img.shields.io/github/license/yansheng836/bilibili-43369)](https://github.com/yansheng836/bilibili-43369/blob/main/LICENSE.txt)

B站《大道朝天》数据统计，并对部分TOP数据进行了可视化。每天晚上0点自动更新。

B站爬虫协议：<https://www.bilibili.com/robots.txt>，看了下本项目不违反该规则。如有侵权，请及时联系我进行删除。

GitHub：<https://github.com/yansheng836/bilibili-43369>

GitHub README详见：<https://github.com/yansheng836/bilibili-43369/blob/main/README2.md>

在线网站：<https://yansheng836.github.io/bilibili-43369>

## B站《大道朝天》动漫主页

B站《大道朝天》动漫主页：<https://www.bilibili.com/bangumi/media/md28339943>

总播放*9586.9万* 追番人数*108.7万* 弹幕总数*15.6万*（2025年11月13日22:23:32）

2024年10月10日开播 已完结, 全16话

简介：踏遍青山人未老，蓦然回首，那剑才下眉间，却在心间。朝天大陆内避居山村的井九，意外收得天生道种的柳十岁为书童。两人凭借机缘来到青山宗，却因为“平平无奇“的井九居然以“天赋卓绝”的天才柳十岁作为仆人，遭人非议。在承剑大会上，井九还结识了神末峰的三无少女赵腊月。“懒”得出奇的井九只想安安静静修行，殊不知命运却将三人卷入了巨大的江湖纷争……太虚之下，青山远不远？不远。

<!-- START_TOC_GENERATED -->

## B站《大道朝天》动漫总数据统计(更新时间：2025-12-15 00:28:09)

### 表格数据

|类型|集数|名称|播放量|点赞数|投币数|收藏数|弹幕数|分享数|评论数|
| :--: | :--: | :-------------: | --------: | :----: | -----: | -----: | -----: | -----: | -----: |
|正片|1|如果人生能重来|1810,8764|8,6969|3,6264|5,5939|4,2147|7164|4480|
|正片|2|偏向故山行|492,0910|2,8928|1,6528|4888|2,1307|770|885|
|正片|3|公子只是怕麻烦|404,8586|2,3025|1,3814|3752|7391|448|804|
|正片|4|剑归青山|448,0605|2,3293|1,4491|3858|7522|467|881|
|正片|5|隔着漫天血花相对|399,7691|2,0672|1,4540|3481|7796|511|1106|
|正片|6|人是我杀的|373,2135|2,3535|1,6196|3717|5979|373|767|
|正片|7|少年你意欲何为|357,8465|2,2470|1,6104|3234|7700|392|935|
|正片|8|我也是这么想的|339,3498|1,9109|1,2917|2730|6039|336|1015|
|正片|9|原来你一直在这里|348,6557|1,9991|1,4167|2852|6303|409|1311|
|正片|10|阴三是一个好名字|478,5106|2,4989|1,4733|4479|6512|654|1507|
|正片|11|养不熟的刘阿大|403,2442|2,0142|1,3227|3026|8851|374|907|
|正片|12|千百年来皆如此|344,2126|1,9128|1,2452|2883|4524|324|857|
|正片|13|你们想死吗？|338,6001|1,8066|1,1542|2718|3925|264|668|
|正片|14|两个大魔头|325,1065|1,7755|1,2062|2461|4428|247|845|
|正片|15|我能想到最简单的事|325,6615|1,8698|1,2655|3023|4688|244|758|
|正片|16|大道朝天，各走一边|436,6691|4,0336|3,6871|7561|1,0928|951|3537|
|预告|发布会PV|满级大佬重生回到新手村|72,2288|2591|877|376|39|102|153|
|预告|火锅公路修仙动画|猫腻脑洞最大小说改编-《大道朝天》|316,5545|7688|3370|1520|1142|216|682|
|预告|终极PV|今日12:00开播|52,4223|1800|692|441|15|134|112|
|预告|ED《江畔夜游》正式发布！||22,4476|1016|224|158|16|55|70|
|预告|OP《大道朝天》正式发布！||27,3426|1704|308|344|91|95|185|
|预告|大道朝天角色PV——井九||18,5240|1099|162|207|63|126|138|
|预告|大道朝天角色PV——阴三||13,7932|766|76|74|24|23|83|
|预告|大道朝天角色PV——赵腊月||13,6436|829|121|74|26|28|137|
|预告|大道朝天角色PV——白鬼||12,4528|908|98|76|44|44|97|
|预告|大道朝天角色PV——柳十岁||12,4794|892|110|80|24|34|110|
|预告|大道朝天定档10月10日！||25,9007|2316|329|494|103|293|544|
|预告|PV2|大道朝天，各走一边。|29,0098|2532|345|623|190|309|503|
|预告|概念PV|踏上重回巅峰之路|27,4537|2490|268|323|79|205|441|
|预告|第1集预告||29,5932|744|80|48|12|17|36|
|预告|第2集预告||32,8258|779|227|143|10|16|17|
|预告|第3集预告||29,8426|781|162|114|2|17|13|
|预告|第4集预告||65,2724|2524|1176|372|28|52|239|
|预告|第5集预告||107,8731|3159|1414|554|29|77|198|
|预告|第6集预告||102,5511|3820|2148|723|35|81|287|
|预告|第7集预告||87,1370|2875|1236|340|38|37|200|
|预告|第8集预告||99,0326|3423|1707|525|85|46|339|
|预告|第9集预告||99,1463|3909|1804|613|43|62|321|
|预告|第10集预告||98,6626|4210|2187|591|65|48|361|
|预告|第11集预告||77,0817|3030|1304|374|29|27|197|
|预告|第12集预告||80,9550|2730|1028|242|35|39|121|
|预告|第13集预告||71,0298|2733|1169|319|33|28|126|
|预告|第14集预告||75,2306|3049|1181|309|32|45|123|
|预告|第15集预告||71,6419|2855|1065|307|40|31|162|
|预告|第16集预告||65,4680|3324|1439|311|39|23|176|
|特别花絮|鲛人起舞，来看！||3,7622|356|47|85|2|5|14|
|特别花絮|大道朝天，各走一边，|你走你的，别来烦我|1,7635|198|29|28|0|7|6|
|特别花絮|你已有取死之道！||8,0450|1534|73|102|5|13|54|
|特别花絮|你的伪装，毫无用处||9,3734|124|50|34|0|4|6|
|特别花絮|路见不平，只需一剑||12,9910|169|64|32|4|8|10|
|特别花絮|你们想死吗？||11,3091|146|63|24|4|2|4|
|特别花絮|井九训猫反被挠||19,4877|157|59|27|3|7|10|
|特别花絮|吃火锅=修仙？||16,7545|167|69|32|8|30|9|
|特别花絮|井九"携"腊月成功登顶神末峰||21,7549|335|126|82|1|12|19|
|特别花絮|井九开导腊月，神末传承再现||10,3823|190|56|23|1|7|2|
|特别花絮|我要为神末峰再续传承||19,7945|221|88|48|0|7|19|
|特别花絮|腊月前方开路，井九后头乘凉||10,4155|114|42|27|1|4|5|
|特别花絮|井九出手，技惊四座||29,1240|609|161|143|19|18|26|
|特别花絮|用最平淡的语气说最装的话||23,3958|795|105|97|13|18|46|
|特别花絮|寻仇？最开始有过几次|后来就没人敢了|10,4149|88|30|23|4|3|4|
|特别花絮|元骑鲸出手，压迫感拉满||17,7885|378|63|42|3|13|17|
|特别花絮|这一天，他与她隔着漫天血花相对||16,8186|395|67|45|3|9|21|
|特别花絮|我想说的是，你就不该离我这么近！||12,9478|159|49|31|2|5|18|
|特别花絮|你的剑不错，我取了||13,9823|165|57|47|11|7|12|
|特别花絮|我两忘峰弟子，不可以是一个仆人||11,9121|104|43|31|7|6|10|
|特别花絮|你们打你们的，我飞升我的||10,6160|98|44|28|2|7|7|
|特别花絮|这样大气的仙师请给我来十位！||11,2244|104|45|28|1|3|1|
|特别花絮|天生道种居然与人为仆！||8,8788|52|26|12|0|1|1|
|特别花絮|这一天，他感受到了来自学神的碾压||14,4885|155|56|27|1|2|9|
|特别花絮|此去经年自然忘却，不忘反不美||10,1843|84|35|17|0|4|1|
|特别花絮|PV|如果人生可以重来，我大概还是这样！|14,6577|222|57|61|3|30|77|
|汇总|||播放量|点赞数|投币数|收藏数|弹幕数|分享数|评论数|
|汇总| | |9816,5897|50,4801|29,6474|12,2453|15,8549|1,6470|1,6470|


## 播放量TOP10

### 表格数据

|类型|集数|名称|播放量|点赞数|投币数|收藏数|弹幕数|分享数|评论数|
| :--: | :--: | :-------------: | --------: | :----: | -----: | -----: | -----: | -----: | -----: |
|正片|1|如果人生能重来|1810,8764|8,6969|3,6264|5,5939|4,2147|7164|4480|
|正片|2|偏向故山行|492,0910|2,8928|1,6528|4888|2,1307|770|885|
|正片|10|阴三是一个好名字|478,5106|2,4989|1,4733|4479|6512|654|1507|
|正片|4|剑归青山|448,0605|2,3293|1,4491|3858|7522|467|881|
|正片|16|大道朝天，各走一边|436,6691|4,0336|3,6871|7561|1,0928|951|3537|
|正片|3|公子只是怕麻烦|404,8586|2,3025|1,3814|3752|7391|448|804|
|正片|11|养不熟的刘阿大|403,2442|2,0142|1,3227|3026|8851|374|907|
|正片|5|隔着漫天血花相对|399,7691|2,0672|1,4540|3481|7796|511|1106|
|正片|6|人是我杀的|373,2135|2,3535|1,6196|3717|5979|373|767|
|正片|7|少年你意欲何为|357,8465|2,2470|1,6104|3234|7700|392|935|

### 数据可视化

![播放量TOP10](./images/播放量TOP10.png)

## 点赞数TOP10

### 表格数据

|类型|集数|名称|播放量|点赞数|投币数|收藏数|弹幕数|分享数|评论数|
| :--: | :--: | :-------------: | --------: | :----: | -----: | -----: | -----: | -----: | -----: |
|正片|1|如果人生能重来|1810,8764|8,6969|3,6264|5,5939|4,2147|7164|4480|
|正片|16|大道朝天，各走一边|436,6691|4,0336|3,6871|7561|1,0928|951|3537|
|正片|2|偏向故山行|492,0910|2,8928|1,6528|4888|2,1307|770|885|
|正片|10|阴三是一个好名字|478,5106|2,4989|1,4733|4479|6512|654|1507|
|正片|6|人是我杀的|373,2135|2,3535|1,6196|3717|5979|373|767|
|正片|4|剑归青山|448,0605|2,3293|1,4491|3858|7522|467|881|
|正片|3|公子只是怕麻烦|404,8586|2,3025|1,3814|3752|7391|448|804|
|正片|7|少年你意欲何为|357,8465|2,2470|1,6104|3234|7700|392|935|
|正片|5|隔着漫天血花相对|399,7691|2,0672|1,4540|3481|7796|511|1106|
|正片|11|养不熟的刘阿大|403,2442|2,0142|1,3227|3026|8851|374|907|

### 数据可视化

![点赞数TOP10](./images/点赞数TOP10.png)

## 投币数TOP10

### 表格数据

|类型|集数|名称|播放量|点赞数|投币数|收藏数|弹幕数|分享数|评论数|
| :--: | :--: | :-------------: | --------: | :----: | -----: | -----: | -----: | -----: | -----: |
|正片|16|大道朝天，各走一边|436,6691|4,0336|3,6871|7561|1,0928|951|3537|
|正片|1|如果人生能重来|1810,8764|8,6969|3,6264|5,5939|4,2147|7164|4480|
|正片|2|偏向故山行|492,0910|2,8928|1,6528|4888|2,1307|770|885|
|正片|6|人是我杀的|373,2135|2,3535|1,6196|3717|5979|373|767|
|正片|7|少年你意欲何为|357,8465|2,2470|1,6104|3234|7700|392|935|
|正片|10|阴三是一个好名字|478,5106|2,4989|1,4733|4479|6512|654|1507|
|正片|5|隔着漫天血花相对|399,7691|2,0672|1,4540|3481|7796|511|1106|
|正片|4|剑归青山|448,0605|2,3293|1,4491|3858|7522|467|881|
|正片|9|原来你一直在这里|348,6557|1,9991|1,4167|2852|6303|409|1311|
|正片|3|公子只是怕麻烦|404,8586|2,3025|1,3814|3752|7391|448|804|

### 数据可视化

![投币数TOP10](./images/投币数TOP10.png)

## 收藏数TOP10

### 表格数据

|类型|集数|名称|播放量|点赞数|投币数|收藏数|弹幕数|分享数|评论数|
| :--: | :--: | :-------------: | --------: | :----: | -----: | -----: | -----: | -----: | -----: |
|正片|1|如果人生能重来|1810,8764|8,6969|3,6264|5,5939|4,2147|7164|4480|
|正片|16|大道朝天，各走一边|436,6691|4,0336|3,6871|7561|1,0928|951|3537|
|正片|2|偏向故山行|492,0910|2,8928|1,6528|4888|2,1307|770|885|
|正片|10|阴三是一个好名字|478,5106|2,4989|1,4733|4479|6512|654|1507|
|正片|4|剑归青山|448,0605|2,3293|1,4491|3858|7522|467|881|
|正片|3|公子只是怕麻烦|404,8586|2,3025|1,3814|3752|7391|448|804|
|正片|6|人是我杀的|373,2135|2,3535|1,6196|3717|5979|373|767|
|正片|5|隔着漫天血花相对|399,7691|2,0672|1,4540|3481|7796|511|1106|
|正片|7|少年你意欲何为|357,8465|2,2470|1,6104|3234|7700|392|935|
|正片|11|养不熟的刘阿大|403,2442|2,0142|1,3227|3026|8851|374|907|

### 数据可视化

![收藏数TOP10](./images/收藏数TOP10.png)

## 弹幕数TOP10

### 表格数据

|类型|集数|名称|播放量|点赞数|投币数|收藏数|弹幕数|分享数|评论数|
| :--: | :--: | :-------------: | --------: | :----: | -----: | -----: | -----: | -----: | -----: |
|正片|1|如果人生能重来|1810,8764|8,6969|3,6264|5,5939|4,2147|7164|4480|
|正片|2|偏向故山行|492,0910|2,8928|1,6528|4888|2,1307|770|885|
|正片|16|大道朝天，各走一边|436,6691|4,0336|3,6871|7561|1,0928|951|3537|
|正片|11|养不熟的刘阿大|403,2442|2,0142|1,3227|3026|8851|374|907|
|正片|5|隔着漫天血花相对|399,7691|2,0672|1,4540|3481|7796|511|1106|
|正片|7|少年你意欲何为|357,8465|2,2470|1,6104|3234|7700|392|935|
|正片|4|剑归青山|448,0605|2,3293|1,4491|3858|7522|467|881|
|正片|3|公子只是怕麻烦|404,8586|2,3025|1,3814|3752|7391|448|804|
|正片|10|阴三是一个好名字|478,5106|2,4989|1,4733|4479|6512|654|1507|
|正片|9|原来你一直在这里|348,6557|1,9991|1,4167|2852|6303|409|1311|

### 数据可视化

![弹幕数TOP10](./images/弹幕数TOP10.png)

## 分享数TOP10

### 表格数据

|类型|集数|名称|播放量|点赞数|投币数|收藏数|弹幕数|分享数|评论数|
| :--: | :--: | :-------------: | --------: | :----: | -----: | -----: | -----: | -----: | -----: |
|正片|1|如果人生能重来|1810,8764|8,6969|3,6264|5,5939|4,2147|7164|4480|
|正片|16|大道朝天，各走一边|436,6691|4,0336|3,6871|7561|1,0928|951|3537|
|正片|2|偏向故山行|492,0910|2,8928|1,6528|4888|2,1307|770|885|
|正片|10|阴三是一个好名字|478,5106|2,4989|1,4733|4479|6512|654|1507|
|正片|5|隔着漫天血花相对|399,7691|2,0672|1,4540|3481|7796|511|1106|
|正片|4|剑归青山|448,0605|2,3293|1,4491|3858|7522|467|881|
|正片|3|公子只是怕麻烦|404,8586|2,3025|1,3814|3752|7391|448|804|
|正片|9|原来你一直在这里|348,6557|1,9991|1,4167|2852|6303|409|1311|
|正片|7|少年你意欲何为|357,8465|2,2470|1,6104|3234|7700|392|935|
|正片|11|养不熟的刘阿大|403,2442|2,0142|1,3227|3026|8851|374|907|

### 数据可视化

![分享数TOP10](./images/分享数TOP10.png)

## 评论数TOP10

### 表格数据

|类型|集数|名称|播放量|点赞数|投币数|收藏数|弹幕数|分享数|评论数|
| :--: | :--: | :-------------: | --------: | :----: | -----: | -----: | -----: | -----: | -----: |
|正片|1|如果人生能重来|1810,8764|8,6969|3,6264|5,5939|4,2147|7164|4480|
|正片|16|大道朝天，各走一边|436,6691|4,0336|3,6871|7561|1,0928|951|3537|
|正片|10|阴三是一个好名字|478,5106|2,4989|1,4733|4479|6512|654|1507|
|正片|9|原来你一直在这里|348,6557|1,9991|1,4167|2852|6303|409|1311|
|正片|5|隔着漫天血花相对|399,7691|2,0672|1,4540|3481|7796|511|1106|
|正片|8|我也是这么想的|339,3498|1,9109|1,2917|2730|6039|336|1015|
|正片|7|少年你意欲何为|357,8465|2,2470|1,6104|3234|7700|392|935|
|正片|11|养不熟的刘阿大|403,2442|2,0142|1,3227|3026|8851|374|907|
|正片|2|偏向故山行|492,0910|2,8928|1,6528|4888|2,1307|770|885|
|正片|4|剑归青山|448,0605|2,3293|1,4491|3858|7522|467|881|

### 数据可视化

![评论数TOP10](./images/评论数TOP10.png)

<!-- END_TOC_GENERATED -->
